1.4322390197776258
1.0494999587535858
0.9445420000702143
0.9583320352248847
1.0169940069317818
1.006276987027377
0.9858820121735334
0.9455160470679402
1.0396320139989257
0.816170999314636
1.0260100243613124
0.964395992923528
0.9036329574882984
0.7505190442316234
0.7824829663150012
0.8939430117607117
0.8549820049665868
0.9322650148533285
0.9584020008333027
0.6705099949613214
0.6768000312149525
0.6309070158749819
0.6414669915102422
0.66431297454983
0.6501440075226128
0.5754470475949347
0.6440699798986316
0.5724279908463359
0.5728809628635645
0.7652599597349763
0.5940300179645419
0.6364239961840212
0.7719059940427542
0.572557037230581
0.563624023925513
0.6332470220513642
0.5652679828926921
0.6346069858409464
0.6411499925889075
0.624303997028619
0.5603670142591
0.5641809548251331
0.5645040073432028
0.5508780013769865
0.5613670218735933
0.5454340134747326
0.5644310149364173
0.631806964520365
0.5710439872927964
0.5619200528599322
0.5849539884366095
0.6270470330491662
0.5559540004469454
0.5567939952015877
0.5547439795918763
0.6309400196187198
0.5575999966822565
0.5660679889842868
0.4987639840692282
0.5634980043396354
0.5560570280067623
0.5657710134983063
0.5601939628832042
0.6285699782893062
0.6191669963300228
0.5571210058405995
0.5107870092615485
0.6460599834099412
0.559470965526998
0.5642239702865481
0.5648999940603971
0.49718801164999604
0.5614240071736276
0.5689869867637753
0.5773240118287504
0.5481039988808334
0.5598069983534515
0.5622509634122252
0.4952739691361785
0.6294469931162894
0.6310099852271378
0.4980950034223497
0.626389984972775
0.6136270239949226
0.5585940089076757
0.5713109858334064
0.5583339952863753
0.6258300272747874
0.5610539810732007
0.6301039829850197
0.6230230210348964
0.5595579859800637
0.5634140106849372
0.5558039993047714
0.5619809962809086
0.6224639946594834
0.5552080110646784
0.556637009140104
0.5671399994753301
0.6251969607546926
0.5841540405526757
0.5602140445262194
0.574003963265568
0.6265539559535682
0.5655669956468046
0.5595040274783969
0.5886940052732825
0.5490600015036762
0.5610770313069224
0.6194270099513233
0.5591480294242501
0.618580961599946
0.6245339754968882
0.5617110291495919
0.5650499952025712
0.6260040099732578
0.5572569789364934
0.5619999719783664
0.5507000023499131
0.5631940439343452
0.5692970007658005
0.564331014174968
0.5591040244325995
0.5608070059679449
0.5573999951593578
0.5798310157842934
0.5612369859591126
0.6250300211831927
0.5587700288742781
0.6076170247979462
0.5833340110257268
0.5704470095224679
0.560821034014225
0.6242339732125401
0.5646530189551413
0.6221130024641752
0.5615469999611378
0.5804739776067436
0.5670670070685446
0.5544080049730837
0.5500770057551563
0.5572439986281097
0.5560640129260719
0.627289991825819
0.5609539803117514
0.5592569941654801
0.5750039708800614
0.4970809677615762
0.5583739839494228
0.5632999818772078
0.5638170405291021
0.6413970259018242
0.5663770134560764
0.49106701044365764
0.5642399773932993
0.5643240292556584
0.5884139682166278
0.5669770180247724
0.564213958568871
0.5631440435536206
0.5619569565169513
0.5730409757234156
0.5561740254051983
0.6209199782460928
0.5567739717662334
0.5629579536616802
0.55786402663216
0.6329969619400799
0.4944769898429513
0.5606869817711413
0.5682979826815426
0.5473570199683309
0.553941004909575
0.5552810034714639
0.5694279680028558
0.636517012026161
0.5627080099657178
0.5567410262301564
0.5631999811157584
0.6394770462065935
0.5504339933395386
0.5757129983976483
0.5564009770751
0.6265240372158587
0.5579779972322285
0.5631469539366663
0.5722380010411143
0.5613199900835752
0.5588899948634207
0.5574970273301005
0.5573969683609903
0.6246399716474116
0.5639579612761736
0.5616309936158359
0.5561140133067966
0.6252899765968323
0.564176996704191
0.552151002921164
0.5619510193355381
0.6179200136102736
0.5549140041694045
0.5565909668803215
0.5583310266956687
0.5512869684025645
0.553303980268538
0.559738022275269
0.5529469926841557
0.5041499971412122
0.6321169785223901
0.5609699874185026
0.5733069847337902
0.6206540274433792
0.559953972697258
0.5612110253423452
0.554536993149668
0.6194739835336804
0.5610809894278646
0.5607510101981461
0.5602680030278862
0.5667040240950882
0.5577169940806925
0.5520579870790243
0.5551440408453345
0.6859999848529696
0.496625027153641
0.5868200096301734
0.562017026823014
0.5605670157819986
0.5715980078093708
0.5588109488599002
0.57318399194628
0.647196953650564
0.5596039700321853
0.5637340364046395
0.5568339838646352
0.5522239953279495
0.55865099420771
0.5579110002145171
0.5759369814768434
0.5615199916064739
0.5616280250251293
0.5539180128835142
0.5728729884140193
0.5649899831041694
0.5686539807356894
0.5610000225715339
0.5824840045534074
0.6326460279524326
0.5536639946512878
0.5550109781324863
0.5651680403389037
0.5564400344155729
0.5475740181282163
0.5576940020546317
0.5501109990291297
0.5698070162907243
0.5711940466426313
0.5622999742627144
0.5614769761450589
0.6200170028023422
0.5598579882644117
0.5284909857437015
0.7807729998603463
0.6240400252863765
0.633607036434114
0.5587670020759106
0.5632039974443614
0.6227370467968285
0.5579569842666388
0.6260199588723481
0.5585710168816149
0.6230269791558385
0.554160971660167
0.5632740212604403
0.5563140148296952
0.6266669952310622
0.5616139969788492
0.5586240440607071
0.5582869634963572
0.6153670256026089
0.5617139977402985
0.5756939644925296
0.573890982195735
0.4925649845972657
0.5597740528173745
0.549381016753614
0.5723669892176986
0.645567022729665
0.5613940302282572
0.5614400142803788
0.5641370080411434
0.6249769940041006
0.6187299732118845
0.556926999706775
0.555763952434063
0.6261739763431251
0.5544529994949698
0.5620740121230483
0.5820440128445625
0.5523540312424302
0.5719100008718669
0.55917096324265
0.6214099703356624
0.6210610154084861
0.5580839933827519
0.5568799679167569
0.5645179771818221
0.628446985501796
0.5582839949056506
0.5647140205837786
0.5689339595846832
0.5577140254899859
0.5715439911000431
0.5601770244538784
0.5549739580601454
0.5575569812208414
0.5656039575114846
0.5593909882009029
0.5662670009769499
0.6295170169323683
0.5621800082735717
0.5643939948640764
0.5550439818762243
0.5633810069411993
0.5588179919868708
0.5561840371228755
0.5618500290438533
0.631436996627599
0.5632370011880994
0.5600169533863664
0.5562070291489363
0.5728870164602995
0.5602809833362699
0.5623600445687771
0.5587170016951859
0.5641170428134501
0.5702410126104951
0.5790410214103758
0.5609910003840923
0.5635840352624655
0.6211739964783192
0.6093530100770295
0.5654739798046649
0.619289989117533
0.5588610074482858
0.5536269745789468
0.5730100092478096
0.5561169818975031
0.4946010303683579
0.49071403918787837
0.5643870099447668
0.5464939749799669
0.6250599981285632
0.49924798076972365
0.5820809747092426
0.6236540502868593
0.541460991371423
0.5643379990942776
0.5523409927263856
0.626427005045116
0.562043976970017
0.5601010052487254
0.5625169724225998
0.5066839512437582
0.5630539963021874
0.5557109834626317
0.5597239942289889
0.5608079954981804
0.5562509759329259
0.5583770107477903
0.5596179980784655
0.5691240075975657
0.569417024962604
0.5716399755328894
0.5773540469817817
0.576807011384517
0.5548769840970635
0.5574399838224053
0.5544180166907609
0.5595240509137511
0.494231004267931
0.4947540001012385
0.5186439957469702
0.5023539997637272
0.5629409570246935
0.5551509675569832
0.5641469615511596
0.5561570287682116
0.5692410049960017
0.557977007701993
0.5718570319004357
0.5647040088661015
0.5642609903588891
0.5527669563889503
0.5653480184264481
0.5506739835254848
0.6213040323927999
0.5578040145337582
0.5476879887282848
0.5663739866577089
0.5547740147449076
0.5694970022886992
0.5533170187845826
0.5538469995371997
0.5637900321744382
0.5554769886657596
0.5650370148941875
0.5733310244977474
0.6724499980919063
0.7051330176182091
0.6857899716123939
0.5842400132678449
0.5553210503421724
0.5813540192320943
0.5611769738607109
0.5053780041635036
0.505554024130106
0.4913309821859002
0.5459999665617943
0.49013399984687567
0.558050989639014
0.5588540225289762
0.5615279660560191
0.5639199516735971
0.56263996521011
0.5639740265905857
0.5991840153001249
0.5667440127581358
0.5236999713815749
0.558050989639014
0.5634570261463523
0.5639680312015116
0.5551070207729936
0.553716963622719
0.5545539897866547
0.5742440116591752
0.4965809639543295
0.5647880025207996
0.5564509774558246
0.6348040187731385
0.5539440317079425
0.5565439932979643
0.5528110195882618
0.4988539731130004
0.5253470153547823
0.531005032826215
0.5486269947141409
0.6233740132302046
0.5750569980591536
0.5604010075330734
0.5744340014643967
0.5534979864023626
0.5625479971058667
0.5510180490091443
0.555393984541297
0.5649439990520477
0.5650740349665284
0.5695369909517467
0.5674879648722708
0.5553169758059084
0.5607599741779268
0.5406949785538018
0.5763769731856883
0.4949040012434125
0.4963479586876929
0.4990510060451925
0.5713310092687607
0.5634970148093998
0.5598340067081153
0.5702109774574637
0.6278270157054067
0.6284809787757695
0.5433500045910478
0.49115699948742986
0.5604739999398589
0.628377019893378
0.520728004630655
0.5953199579380453
0.49575400771573186
0.6276339991018176
0.5175370024517179
0.5591040244325995
0.5595270195044577
0.5438440130092204
0.5658210138790309
0.5592069937847555
0.5641139578074217
0.6211930303834379
0.5624640034511685
0.5533740040846169
0.5652740364894271
0.4897679900750518
0.5569579661823809
0.4931409494020045
0.5027909646742046
0.49691798631101847
0.5480709951370955
0.5163279711268842
0.507150951307267
0.4938109777867794
0.4957710043527186
0.491053971927613
0.5338640185073018
0.5590239888988435
0.5631039966829121
0.5565510364249349
0.5644970224238932
0.5507440073415637
0.6344569846987724
0.6248069694265723
0.5126579781062901
0.6209000130183995
0.5050399922765791
0.5692840204574168
0.4938169731758535
0.6222570082172751
0.5718800239264965
0.5704900249838829
0.5702080088667572
0.6240310030989349
0.541691028047353
0.579500978346914
0.5409099976532161
0.548743992112577
0.49290101742371917
0.5523980362340808
0.5614939727820456
0.6434469833038747
0.5168439820408821
0.5545269814319909
0.5227510118857026
0.6248740246519446
0.48579100985080004
0.5600440199486911
0.5614840192720294
0.6466699996963143
0.5136039690114558
0.555913953576237
0.5193210090510547
0.5699970060959458
0.6243330426514149
0.6445439648814499
0.5744969821535051
0.6246870034374297
0.5640010349452496
0.5770270363427699
0.5497540114447474
0.5945670418441296
0.5640779854729772
0.5689840181730688
0.5791740259155631
0.5598010029643774
0.5802480154670775
0.5718870088458061
0.558170024305582
0.5510809714905918
0.5482969572767615
0.5598010029643774
0.5617839633487165
0.5890880129300058
0.5801639636047184
0.557746971026063
0.5661310278810561
0.5757780163548887
0.5579239805229008
0.5561740254051983
0.5853300099261105
0.5847870488651097
0.5782510270364583
0.5534180090762675
0.5822069942951202
0.5441440152935684
0.5946740275248885
0.49311399925500154
0.5611969972960651
0.5074339569546282
0.5541410064324737
0.4958410281687975
0.6381139974109828
0.6027210038155317
0.5935700028203428
0.5590869695879519
0.5598969873972237
0.6258729845285416
0.5500409752130508
0.5620809970423579
0.6209969869814813
0.565038004424423
0.5775709869340062
0.5718499887734652
0.5540939746424556
0.5658710142597556
0.5668739904649556
0.6264469702728093
0.5330480053089559
0.6268139695748687
0.62030297704041
0.590004026889801
0.48843800323083997
0.6244200048968196
0.49334100913256407
0.631030008662492
0.530218007043004
0.5630570231005549
0.5727499956265092
0.5609439685940742
0.5113009829074144
0.6372860516421497
0.5651300307363272
0.5549640045501292
0.4994470509700477
0.656397023703903
0.5545170279219747
0.5539400153793395
0.5022270488552749
0.6300469976849854
0.5788279813714325
0.4814479616470635
0.5579740391112864
0.5437239888124168
0.6190100102685392
0.5145039758644998
0.5735570448450744
0.6287200376391411
0.6323409616015851
0.5762910004705191
0.49055396812036633
0.5499800317920744
0.5655009881593287
0.621346989646554
0.5144880269654095
0.6255169864743948
0.6291869794949889
0.6823699804954231
0.5776140023954213
0.5719669861719012
0.6332009797915816
0.5899040261283517
0.5572569789364934
0.6227039848454297
0.5607769708149135
0.6309269811026752
0.5886100116185844
0.625980959739536
0.5600940203294158
0.5827069981023669
0.5547339678741992
0.5549400229938328
0.5497040110640228
0.5624640034511685
0.5725339869968593
0.5532570066861808
0.5740269552916288
0.5488769966177642
0.558350991923362
0.5307840183377266
0.5643879994750023
0.5579799762926996
0.5691669648513198
0.518971006385982
0.5873970221728086
0.5513939540833235
0.5526140448637307
0.5684100324288011
0.565183989237994
0.5607469938695431
0.6461460143327713
0.5795810138806701
0.5128069897182286
0.5786299589090049
0.5624340265057981
0.6215129978954792
0.553346995729953
0.5721209454350173
0.5743809742853045
0.6467839702963829
0.5721609923057258
0.5783170345239341
0.5739240441471338
0.5441710236482322
0.5610809894278646
0.6330370088107884
0.637595949228853
0.5601609591394663
0.5824310355819762
0.5555009702220559
0.5564469611272216
0.5704669747501612
0.5536979879252613
0.5668139783665538
0.5933329812251031
0.6424530292861164
0.5765770329162478
0.5513729993253946
0.5593640380539
0.5646280478686094
0.5663840565830469
0.49618398770689964
0.631217029877007
0.5132879596203566
0.5548670305870473
0.556776998564601
0.5705939838662744
0.5787529516965151
0.5786410183645785
0.510740967001766
0.5597040290012956
0.6284569972194731
0.553867022972554
0.5856209900230169
0.5656279972754419
0.5829269648529589
0.5695409490726888
0.555093982256949
0.5639680312015116
0.5641270545311272
0.5567739717662334
0.6197430193424225
0.5753409932367504
0.6468530045822263
0.5316769820638001
0.5946900346316397
0.5545640015043318
0.6178169860504568
0.5533539806492627
0.6255069747567177
0.5676770233549178
0.6244269898161292
0.6315030041150749
0.5790240247733891
0.5539170233532786
0.562049972359091
0.5734440055675805
0.5789679707959294
0.552601006347686
0.6213639862835407
0.5585080361925066
0.6288799922913313
0.5751540302298963
0.5240780301392078
0.6274860352277756
0.5119810230098665
0.5545840249396861
0.5245649954304099
0.5623769829981029
0.5650109960697591
0.6075340206734836
0.6231539882719517
0.573929981328547
0.5623399629257619
0.5692570121027529
0.6261210073716938
0.5769340205006301
0.5600969889201224
0.6227470003068447
0.5801169900223613
0.5878870142623782
0.49312401097267866
0.5628570215776563
0.6203569937497377
0.5542439757846296
0.553834019228816
0.5673739942722023
0.5701099871657789
0.5534139927476645
0.5552840302698314
0.5666639772243798
0.6616470054723322
0.6483769975602627
0.5530570051632822
0.5624410114251077
0.5641879979521036
0.5507470341399312
0.5567910266108811
0.5634109838865697
0.5863539990969002
0.580171006731689
0.5614379770122468
0.5589679931290448
0.5444539710879326
0.5609210347756743
0.6332569755613804
0.5789480055682361
0.6378159741871059
0.565450987778604
0.5718609900213778
0.5701679619960487
0.5583679885603487
0.5609740037471056
0.6387400208041072
0.5754910525865853
0.5014840280637145
0.6212430307641625
0.5773240118287504
0.56238699471578
0.5441809771582484
0.5483240238390863
0.6223800010047853
0.6254140171222389
0.5221670144237578
0.5744369700551033
0.5527000175788999
0.636736978776753
0.6227499688975513
0.5638670409098268
0.552966957911849
0.5687079974450171
0.5801439983770251
0.5765770329162478
0.5598979769274592
0.5612170207314193
0.5516569945029914
0.5634899716824293
0.5685570067726076
0.6143909995444119
0.5635909619741142
0.5654830019921064
0.6523669580928981
0.5494410288520157
0.6193199660629034
0.5769009585492313
0.5239599850028753
0.5907739978283644
0.4961309605278075
0.6281200330704451
0.5307079991325736
0.5539279663935304
0.5583739839494228
0.5678279558196664
0.6446669576689601
0.553047051653266
0.5375900072976947
0.5623280303552747
0.5877910298295319
0.5802540108561516
0.6249430007301271
0.6221270305104554
0.5751739954575896
0.5489609902724624
0.4965739790350199
0.5664069904014468
0.5708239623345435
0.5790309514850378
0.5464170244522393
0.5788939888589084
0.5769080016762018
0.5597000126726925
0.5583440070040524
0.5594539688900113
0.48977398546412587
0.5673900013789535
0.58274797629565
0.5739500047639012
0.5602470482699573
0.5601709708571434
0.562428031116724
0.5685670184902847
0.562010973226279
0.6472339737229049
0.571840035263449
0.5551140056923032
0.6257870118133724
0.5674469866789877
0.567617011256516
0.633156974799931
0.5170049844309688
0.5506579764187336
0.5502700223587453
0.5054380162619054
0.5764769739471376
0.5895569920539856
0.6302769761532545
0.568221032153815
0.5736000020988286
0.5628769868053496
0.5554440431296825
0.5827440181747079
0.5641609895974398
0.5641269963234663
0.5202909815125167
0.5721129709854722
0.5544470041058958
0.5526510067284107
0.6409230409190059
0.5599569994956255
0.5672239931300282
0.6355440127663314
0.580847030505538
0.5797100020572543
0.5531070055440068
0.562686997000128
0.5621539894491434
0.5736399907618761
0.5543039878830314
0.5657940055243671
0.6308699958026409
0.5586539627984166
0.5744239897467196
0.6313740159384906
0.6381769781000912
0.561523949727416
0.5539170233532786
0.5560009740293026
0.6279569934122264
0.5511270137503743
0.5636140122078359
0.5667739897035062
0.5897639784961939
0.544820970389992
0.5736600141972303
0.558946980163455
0.5489040049724281
0.5686139920726418
0.6297829677350819
0.5874040070921183
0.6271369638852775
0.5691709811799228
0.577407015953213
0.5533980438485742
0.5584240425378084
0.5582839949056506
0.5656640278175473
0.5666299839504063
0.5645269993692636
0.5643499898724258
0.5561740254051983
0.5556779797188938
0.5675479769706726
0.5549740162678063
0.5610599764622748
0.6427439511753619
0.5768100381828845
0.5962669965811074
0.555243983399123
0.5563870072364807
0.6250430014915764
0.6239599897526205
0.6217329646460712
0.6354509969241917
0.5338580231182277
0.623780011665076
0.5155609687790275
0.5549439811147749
0.622992985881865
0.570007017813623
0.504064024426043
0.5739770131185651
0.6237229681573808
0.6413329974748194
0.5371180013753474
0.5785140092484653
0.49048097571358085
0.557788007427007
0.5620539886876941
0.5765240057371557
0.5650079692713916
0.5552569637075067
0.6245769909583032
0.5767910042777658
0.5018969532102346
0.628677022177726
0.6429229979403317
0.5654339911416173
0.4926879773847759
0.5563779850490391
0.626159948296845
0.5798439960926771
0.5702899652533233
0.6254869513213634
0.5387309938669205
0.5703200004063547
0.5557539989240468
0.5563799641095102
0.5578440031968057
0.6306029972620308
0.6519940216094255
0.6385570159181952
0.5498770042322576
0.5565439932979643
0.5529240006580949
0.5520469858311117
0.5757269682362676
0.6237470079213381
0.5197610007598996
0.5816009943373501
0.5471670301631093
0.5512610077857971
0.5383410025388002
0.5529940244741738
0.5462510162033141
0.6303670234046876
0.6442239973694086
0.5777899641543627
0.5559640121646225
0.6298070074990392
0.62366301426664
0.5499640246853232
0.49683102406561375
0.6242600502446294
0.5471869953908026
