108.45890804193914
38.731373962946236
38.733894005417824
38.77100697718561
38.79776201210916
38.78060600254685
38.77434501191601
38.77619799459353
38.810966012533754
38.77834597369656
38.77084702253342
38.77324901986867
38.77038799691945
38.774034997913986
38.77114597707987
38.768925005570054
38.77284500049427
38.769459002651274
38.757183006964624
38.796634995378554
38.76678901724517
38.75872498610988
38.7768279761076
38.77314704004675
38.80955802742392
38.77671901136637
38.765927019994706
38.801310991402715
38.782471034210175
38.75599801540375
38.762514013797045
38.76452398253605
38.769425998907536
38.792857027146965
38.7681860011071
38.774046988692135
38.773147971369326
38.769026985391974
38.749837956856936
38.7660670094192
38.81332400487736
38.747635029722005
38.79715799121186
38.76490500988439
38.777278969064355
38.773109030444175
38.81056798854843
38.77041599480435
38.82278501987457
38.77310798270628
38.77246897900477
38.78110699588433
38.77173503860831
38.76856999704614
38.779961003456265
38.77341403858736
38.76166301779449
38.77618600381538
38.78944803727791
38.769180013332516
38.80323498742655
38.765391043853015
38.831688987556845
38.770880026277155
38.777060981374234
38.7820610194467
38.7744169565849
38.824788003694266
38.7797339935787
38.79221499664709
38.82645798148587
38.77007798291743
38.78700197674334
38.75141602475196
38.778520945925266
38.76537102041766
38.76481397310272
38.7901000212878
38.79164904356003
38.77761197509244
38.79066801164299
38.79566298564896
38.76590699655935
38.763602962717414
38.789647980593145
38.79936202429235
38.742826029192656
38.79118897020817
38.8023589621298
38.798288034740835
38.8044859864749
38.75434695510194
38.79766701720655
38.79597096238285
38.77099498640746
38.7662029825151
38.80285000195727
38.79089100519195
38.8080200063996
38.75215398147702
38.7658309773542
38.766815967392176
38.78125501796603
38.819689012598246
38.803950999863446
38.760069001000375
38.778482005000114
38.763092015869915
38.82756404345855
38.80307299550623
38.79774600500241
38.78255799645558
38.762412033975124
38.80381601629779
38.78424601862207
38.7673859950155
38.80808403482661
38.773211010266095
38.75724703539163
38.80166599992663
38.79322996363044
38.783497002441436
38.79060799954459
38.76586799742654
38.77818601904437
38.80813001887873
38.6940409662202
38.68184803286567
38.709538988769054
38.71001600055024
38.69739599758759
38.71180699206889
38.70662598637864
38.68697996949777
38.70263398857787
38.65342901553959
38.68539200630039
38.67857699515298
38.68120798142627
38.683935010340065
38.67274901131168
38.6915470007807
38.65985601441935
38.720648968592286
38.67908602114767
38.6623980011791
38.6650720029138
38.66371401818469
38.655704993288964
38.665313040837646
38.65158895496279
38.66289503639564
38.664716004859656
38.68597198743373
38.70636597275734
38.672891969326884
38.6560260085389
38.67140901274979
38.689684006385505
38.66003698203713
38.66829304024577
38.74122101115063
38.66542602190748
38.662465987727046
38.68361102649942
38.67835598066449
38.65398798370734
38.670953013934195
38.65621198201552
38.65623305318877
38.66634302539751
38.660762016661465
38.657226017676294
38.66373997880146
38.65871502785012
38.67003001505509
38.686886022333056
38.67405804339796
38.66331302560866
38.667203043587506
38.64911402342841
38.708791020326316
38.65272999973968
38.670571986585855
38.6690329760313
38.659355021081865
38.658712001051754
38.67132501909509
38.65684801712632
38.65743102505803
38.65597996627912
38.66367199225351
38.68473501643166
38.68115600198507
38.6600429774262
38.66383899003267
38.67172496393323
38.68625999893993
38.6588079854846
38.66636095335707
38.67158503271639
38.65458304062486
38.666827022098005
38.69750100420788
38.66413200739771
38.65161997964606
38.69586199289188
38.66189601831138
38.66841900162399
38.69372798362747
38.68708596564829
38.67682901909575
38.66384399589151
38.65989699261263
38.661578961182386
38.703180965967476
38.66843698779121
38.6605630046688
38.59501000260934
38.68859895737842
38.70751499198377
38.66407601162791
38.65974902873859
38.659745012409985
38.68237300775945
38.69735897751525
38.68828504346311
38.65421598311514
38.66817697416991
38.66793500492349
38.65829098504037
38.69974298868328
38.66590897087008
38.64647599402815
38.662673032376915
38.672065013088286
38.654558011330664
38.70062396163121
38.70394203113392
38.66338694933802
38.661021972075105
38.66524202749133
38.67910598637536
38.67203299887478
38.70095999445766
38.664081948809326
38.66141696926206
38.65638101706281
38.647116045467556
38.67166396230459
38.66280399961397
38.678822049405426
38.68432604940608
38.699688971973956
38.70096895843744
38.67405897472054
38.686806976329535
38.79980801139027
38.74658601125702
38.7865420198068
38.79120200872421
38.79321302520111
38.77994098002091
38.80934097105637
38.767591991927475
38.78232295392081
38.8083319994621
38.74851099681109
38.766923011280596
38.75208098907024
38.779428985435516
38.76803599996492
38.79862301982939
38.768400030676275
38.78293401794508
38.78933296073228
38.79456495633349
38.782622024882585
38.76374999526888
38.80096698412672
38.77987404121086
38.7893199804239
38.80340501200408
38.77677099080756
38.7885810341686
38.784243050031364
38.66657201433554
38.79599896026775
38.79660804523155
38.80940901581198
38.79959799814969
38.77341095358133
38.756824971642345
38.78185199573636
38.79153000889346
38.78538095159456
38.78260403871536
38.79907197551802
38.787878991570324
38.784576987382025
38.78379100933671
38.783539028372616
38.80088101141155
38.774126034695655
38.79068500827998
38.78802602412179
38.791919010691345
38.812094018794596
38.755308953113854
38.79893501289189
38.82087499368936
38.82692399201915
38.76967099495232
38.79703098209575
38.80194900557399
38.76401099842042
38.823445967864245
38.77068299334496
38.79582497756928
38.77757798181847
38.78477099351585
38.74758002348244
38.783518015407026
38.80517598008737
38.79240999231115
38.78705302486196
38.770348008256406
38.7897789478302
38.79354801028967
38.78870501648635
38.79235201748088
38.79015997517854
38.779515016358346
38.761189964134246
38.75625098589808
38.75067800981924
38.75779698137194
38.78687001997605
38.791868020780385
38.8297020108439
38.76885195495561
38.79361797589809
38.76223799306899
38.81560399895534
38.80922100506723
38.80177199607715
38.759065966587514
38.78332901513204
38.799075002316386
38.76419295556843
38.78697898471728
38.80438703345135
38.77362800994888
38.80070702871308
38.81764301331714
38.78488397458568
38.798238965682685
38.79011399112642
38.775532972067595
38.78626797813922
38.797488959971815
38.7595429783687
38.75969804357737
38.766835001297295
38.776642992161214
38.79000397864729
38.77084294799715
38.78941899165511
38.800103997346014
38.78349997103214
38.79845101619139
38.760083029046655
38.79504802171141
38.77572499914095
38.76430098898709
38.760273018851876
38.773569045588374
38.764301978517324
38.76943403156474
38.78144396003336
38.77347998786718
38.7752820388414
38.78456598613411
38.748905004467815
38.784613949246705
38.792439037933946
38.78203401109204
38.755338988266885
38.788451987784356
38.78578497096896
38.7769480003044
38.75706100370735
38.78084599273279
38.83248497731984
38.80684298928827
38.78135001286864
38.794824038632214
38.76995696919039
38.78795896889642
38.802586030215025
38.752192980609834
38.826108968351036
38.76229398883879
38.79455605056137
38.789978018030524
38.77368103712797
38.79439999582246
38.7806809740141
38.77268498763442
38.76929497346282
38.78876299131662
38.784648990258574
38.79510099068284
38.788045989349484
38.79247698932886
38.78285002429038
38.79240097012371
38.784902018960565
38.773601001594216
38.792660052422434
38.777364999987185
38.80567499436438
38.76273997593671
38.806840020697564
38.783071970101446
38.76813198439777
38.760565978009254
38.78851799527183
38.79416995914653
38.78169402014464
38.78982097376138
38.776859000790864
38.75823999987915
38.7832960113883
38.786307035479695
38.78752497257665
38.79831300582737
38.77966495929286
38.79656601930037
38.77260797889903
38.791797996964306
38.776744971983135
38.786633987911046
38.75517804408446
38.79169101128355
38.78974501276389
38.81901397835463
38.8052019989118
38.78554800758138
38.77075796481222
38.79577695624903
38.76825299812481
38.77298498991877
38.81234803702682
38.80207799375057
38.791517028585076
38.763624033890665
38.773341046180576
38.79195800982416
38.780069968197495
38.79421798046678
38.78107795026153
38.78259198972955
38.78704801900312
38.79760601557791
38.78551296656951
38.78551098750904
38.78580196760595
38.76533597940579
38.773067004512995
38.784383970778435
38.81531901424751
38.756909023504704
38.79761800635606
38.78272004658356
38.78178499871865
38.79121597856283
38.79071999108419
38.750253967009485
38.75642700586468
38.78035902744159
38.754704990424216
38.77031401498243
38.7929980061017
38.79123099613935
38.78706897376105
38.757792965043336
38.771088991779834
38.79547503311187
38.76966796815395
38.76674600178376
38.774696993641555
38.783033029176295
38.78809598973021
38.78892003558576
38.81360898958519
38.80574199138209
38.77898497739807
38.78971905214712
38.7964200344868
38.77327498048544
38.768615981098264
38.84210402611643
38.761821982916445
38.747475016862154
38.670756039209664
38.79393503302708
38.74609601916745
38.775979017373174
38.79154805326834
38.76745596062392
38.77244598697871
38.80286100320518
38.78879395779222
38.785624026786536
38.824071001727134
38.802054012194276
38.75553194666281
38.77380001358688
38.771111983805895
38.75587397487834
38.75360602978617
38.778567977715284
38.7896389584057
38.76161196967587
38.76870800741017
38.77308702794835
38.76559698255733
38.7685889727436
38.78960898146033
38.78769895527512
38.7847910169512
38.788947043940425
38.76254800707102
38.78540499135852
38.81262301001698
38.791673025116324
38.768679019995034
38.64926501410082
38.77644700696692
38.787917990703136
38.76945498632267
38.77641400322318
38.79447199869901
38.77251595258713
38.75456500099972
38.83883298840374
38.7763119651936
38.77852496225387
38.78194198478013
38.75784104457125
38.78420899854973
38.76817604759708
38.768805970903486
38.81332802120596
38.788817008025944
38.785159995313734
38.80103200208396
38.75345003325492
38.79656700883061
38.75960101140663
38.77689503133297
38.783452997449785
38.756961992476135
38.779544993303716
38.817314023617655
38.79338700789958
38.78241800703108
38.792338978964835
38.788363977801055
38.79279101965949
38.78054197411984
38.76706102164462
38.763842021580786
38.8003810076043
38.759029004722834
38.8062609708868
38.7926260009408
38.77465700497851
38.74724602792412
38.766445009969175
38.7907269760035
38.808347017038614
38.803207979071885
38.775863009504974
38.7854739674367
38.78342203097418
38.77116501098499
38.780338014476
38.78647502278909
38.78305800026283
38.77838602056727
38.765795005019754
38.75020594568923
38.76900702016428
38.78536098636687
38.759407005272806
38.7915910105221
38.75322901876643
38.75210101250559
38.782782037742436
38.79877197323367
38.77340495819226
38.75557496212423
38.76551100984216
38.79174601752311
38.759954972192645
38.76961499918252
38.7658640393056
38.75576099380851
38.76389598008245
38.76579098869115
38.76235900679603
38.76119101187214
38.79405598854646
38.75807102303952
38.79753197543323
38.76484400825575
38.78504398744553
38.76010398380458
38.75540796434507
38.79104001680389
38.74561202246696
38.78327301936224
38.792092993389815
38.76176499761641
38.77561300760135
38.76734501682222
38.772062049247324
38.762500975281
38.784432981628925
38.78757596248761
38.80833403673023
38.78101601731032
38.78882899880409
38.78004499711096
38.78227202221751
38.76284195575863
38.79208496073261
38.77845098031685
38.75430999323726
38.762248994316906
38.76425698399544
38.70556299807504
38.77009800635278
38.746151025407016
38.76314504304901
38.80308399675414
38.786813034676015
38.792772975284606
38.778431015089154
38.75939600402489
38.78337703645229
38.7585440184921
38.74785895459354
38.778965012170374
38.77032798482105
38.805847987532616
38.77516998909414
38.79713703645393
38.779500988312066
38.79417304415256
38.7590869795531
38.77392702270299
38.78259600605816
38.77139097312465
38.761613017413765
38.763472985010594
38.752202002797276
38.76874397974461
38.75866997987032
38.777645968366414
38.77703001489863
38.78042002907023
38.76256797229871
38.77825301606208
38.77742798067629
38.78601500764489
38.790182035882026
38.76079898327589
38.77081401878968
38.807446020655334
38.82186202099547
38.795957050751895
38.754926004912704
38.76897000009194
38.75871701166034
38.76760904677212
38.798354973550886
38.790188962593675
38.79223903641105
38.772733008954674
38.76297298120335
38.78246794920415
38.78791502211243
38.78490295028314
38.78734400495887
38.78808603622019
38.762535026762635
38.750931969843805
38.77718502189964
38.78247499233112
38.78039703704417
38.748233986552805
38.77515799831599
38.756513968110085
38.80047699203715
38.77133998321369
38.79416297422722
38.763813965488225
38.778064015787095
38.787002034951
38.749988947529346
38.78572798566893
38.77900697989389
38.79539400804788
38.77392795402557
38.76354999374598
38.754593988414854
38.759479008149356
38.79397996934131
38.738201023079455
38.79148495616391
38.782248040661216
38.75601902836934
38.77156198723242
38.840560999233276
38.784786011092365
38.78719301428646
38.78368099685758
38.77059498336166
38.75400900142267
38.746928970795125
38.78353501204401
38.75842597335577
38.771003019064665
38.75921398866922
38.73779799323529
38.761431991588324
38.78072201041505
38.77462196396664
38.77895697951317
38.763444987125695
38.80488401046023
38.792324950918555
38.78046199679375
38.75888301990926
38.76936301821843
38.75953995157033
38.76434004632756
38.7809609528631
38.788738020230085
38.77280099550262
38.77463500248268
38.759896997362375
38.765795005019754
38.767280988395214
38.782909978181124
38.77728502266109
38.76495501026511
38.77348400419578
38.768574013374746
38.80148800089955
38.77011802978814
38.768153986893594
38.761297008022666
38.78104797331616
38.760249968618155
38.77545101568103
38.773260021116585
38.77174499211833
38.770230021327734
38.80156698869541
38.781258976086974
38.78372901817784
38.77454996109009
38.80381799535826
38.75322395469993
38.77748199738562
38.75514294486493
38.80143101559952
38.78594399429858
38.76337601104751
38.784049975220114
38.757460948545486
38.785796030424535
38.754473032895476
38.77264796756208
38.790089020039886
38.77164499135688
38.77024498069659
38.81741099758074
38.75076299300417
38.76399900764227
38.78799302037805
38.75121404416859
38.770686951465905
38.76882896292955
38.81906397873536
38.797111017629504
38.76275900984183
38.77687902422622
38.80300099262968
38.76218595542014
38.75414503272623
38.76062895869836
38.804698968306184
38.77033101161942
38.75389602035284
38.77360199112445
38.76640903763473
38.7809660169296
38.74927095603198
38.782123010605574
38.788112986367196
38.78896898822859
38.78447797615081
38.784787990152836
38.759151997510344
38.79336203681305
38.775346998590976
38.78229402471334
38.77147601451725
38.80309296073392
38.787806988693774
38.78117899876088
38.80438901251182
38.815077976323664
38.76963199581951
38.77990797627717
38.795361993834376
38.81270199781284
38.80508802831173
38.76162302913144
38.788211008068174
38.75190002145246
38.77073701005429
38.783068011980504
38.78108301432803
38.76407799543813
38.77039800863713
38.757793023251
38.783683034125715
38.77530404133722
38.78355002962053
38.770007027778774
38.7705719913356
38.77136000664905
38.77336700679734
38.78381696995348
38.791451952420175
38.79053803393617
38.78684900701046
38.76076202141121
38.77015796024352
38.79701200639829
38.761556963436306
38.773501990363
38.77288399962708
38.8064130092971
38.78186800284311
38.755713030695915
38.796195993199944
38.78656402230263
38.81488897604868
38.79085602238774
38.78969501238316
38.79563498776406
38.78163197077811
38.77664200263098
38.774349028244615
38.77528401790187
38.77380397170782
38.79515500739217
38.75367098953575
38.76645700074732
38.76295802183449
38.78275997703895
38.77122205449268
38.80270797526464
38.77108101733029
38.804973009973764
38.768870988860726
38.79439498996362
38.769727980252355
38.781779003329575
38.78220199840143
38.77891902811825
38.77281601307914
38.776355038862675
38.75856503145769
38.768011960200965
38.80275902338326
38.812884013168514
38.79365400644019
38.77045295666903
38.78344199620187
38.764208962675184
38.78726001130417
38.79886999493465
38.762370008043945
38.82054396672174
38.77813997678459
38.778394053224474
38.799761969130486
38.76995196333155
38.77576696686447
38.76207600114867
38.74804999213666
38.77161996206269
38.77266199560836
38.80276397103444
38.78567699575797
38.78309502033517
38.77873602323234
38.78373000770807
38.795807980932295
38.78773096948862
38.76455599674955
38.80214795935899
38.772920961491764
38.813439023215324
38.79756201058626
38.78947196062654
38.785096956416965
38.76146697439253
38.77221903530881
38.8172619859688
38.80012599984184
38.75338000943884
38.78828603774309
38.80852600559592
38.75603899359703
38.82256202632561
38.791839964687824
38.789358048234135
38.819717010483146
38.807737990282476
38.79404498729855
38.767475984059274
38.77826902316883
38.77064702101052
38.77235797699541
38.79023698391393
38.81618502782658
38.78131398232654
38.76337403198704
38.76636503264308
38.78161095781252
38.81039994303137
38.77389902481809
38.775360968429595
38.766993035096675
38.77247002674267
38.772346975747496
38.79082697676495
38.79214299377054
38.779659022111446
38.76341402065009
38.77651900984347
38.82057999726385
38.785443000961095
38.79169200081378
38.78735500620678
38.78305497346446
38.79179299110547
38.72803400736302
38.76329999184236
38.78578601870686
38.800020003691316
38.76453498378396
38.76311000203714
38.782450021244586
38.79299998516217
38.827189011499286
38.79392700036988
38.81540696602315
38.79455797141418
38.75524800969288
38.7807100196369
38.777625013608485
38.8216869905591
38.760330993682146
38.79070095717907
38.774588028900325
38.79588301060721
38.773801003117114
38.75547501957044
38.75618800520897
38.82193804020062
38.80067804129794
38.77954400377348
38.74649299541488
38.78008900210261
38.806602999102324
38.839822984300554
38.79437199793756
38.77658298006281
38.77083503175527
38.77504204865545
