1.0729280184023082
1.0598920052871108
0.9395889937877655
0.9994289721362293
1.0091220028698444
1.0030390112660825
0.9091590181924403
1.0219579562544823
1.000568037852645
0.9813520009629428
0.9451090008951724
0.9577589808031917
0.994741974864155
1.008561986964196
0.8959299884736538
0.801479967776686
0.8127019973471761
0.8316760067828
0.7386329816654325
0.7396559813059866
0.7140300003811717
0.6855559768155217
0.621201004832983
0.6461010198108852
0.5820640362799168
0.6675110198557377
0.6596200400963426
0.5666639772243798
0.561260967515409
0.6645440007559955
0.6037730490788817
0.556889979634434
0.566233997233212
0.5728570395149291
0.8072860073298216
0.5526599707081914
0.5742899957112968
0.674594019073993
0.5775339668616652
0.5531370406970382
0.558581028599292
0.8436299976892769
0.5611840169876814
0.8337689796462655
0.647020002361387
0.551207980606705
0.5481039988808334
0.6485139601863921
0.8323590154759586
0.558753963559866
0.5848340224474669
0.5513710202649236
0.56011404376477
0.8038760279305279
0.6493569817394018
0.5581200239248574
0.5550169735215604
0.645519990939647
0.5445809802040458
0.6078400183469057
0.5748700350522995
0.5601299926638603
0.5510239861905575
0.5715870065614581
0.5958440015092492
0.5457110237330198
0.4833609564229846
0.6085500353947282
0.5642769974656403
0.5617670249193907
0.5498480168171227
0.5628509679809213
0.6063139881007373
0.5534979864023626
0.5908670136705041
0.5415239720605314
0.5601680022664368
0.5655210115946829
0.5201040185056627
0.5607609637081623
0.565150985494256
0.5891839973628521
0.5561669822782278
0.5612639943137765
0.6435770192183554
0.5661469767801464
0.5476379883475602
0.6442969897761941
0.5671810358762741
0.5608269711956382
0.5614039837382734
0.5602610181085765
0.5477399681694806
0.6511859828606248
0.5792779847979546
0.5415269988588989
0.5583909805864096
0.5629609804600477
0.5539309931918979
0.5598440184257925
0.5514270160347223
0.6454800022765994
0.5830139853060246
0.5701940390281379
0.5615010159090161
0.5721279885619879
0.5730279954150319
0.5703340284526348
0.6613530567847192
0.5701140034943819
0.548941025044769
0.5964770098216832
0.5752270226366818
0.571768032386899
0.557000981643796
0.6023969617672265
0.5734009901061654
0.5752510041929781
0.5646739737130702
0.5711810081265867
0.6735399947501719
0.5399060319177806
0.639846024569124
0.5461079999804497
0.5566039471887052
0.5629449733532965
0.5680369795300066
0.5546909524127841
0.6166690145619214
0.6473140092566609
0.5819729994982481
0.546053983271122
0.5734400474466383
0.5610929802060127
0.6174790323711932
0.5707470118068159
0.5464460118673742
0.6475480040535331
0.5587709601968527
0.5901609547436237
0.6264729890972376
0.558016006834805
0.5624539917334914
0.5581089644692838
0.6251860177144408
0.48457604134455323
0.559388950932771
0.5596369737759233
0.5443459958769381
0.5826970445923507
0.5762219661846757
0.5391419981606305
0.5743650253862143
0.558538013137877
0.5144329625181854
0.5597659619525075
0.5603820318356156
0.5525570013560355
0.5464639980345964
0.5611879751086235
0.6208499544300139
0.5582469748333097
0.5455840146169066
0.5549709894694388
0.5704700015485287
0.5441610119305551
0.5353869637474418
0.568247982300818
0.5570609937421978
0.5622240132652223
0.5810069851577282
0.5709339748136699
0.5554170347750187
0.644662999548018
0.5799840437248349
0.5473510245792568
0.558233994524926
0.5615399568341672
0.5516569945029914
0.6462199962697923
0.5502469721250236
0.5574799724854529
0.5516170058399439
0.5484209978021681
0.5835510091856122
0.5535039817914367
0.5954770022071898
0.5501810228452086
0.555887003429234
0.5609899526461959
0.5609680083580315
0.5728940013796091
0.5650880048051476
0.6497499998658895
0.5682439659722149
0.5483879940584302
0.5746469832956791
0.5565439932979643
0.5594909889623523
0.5534840165637434
0.5513479700312018
0.5259710014797747
0.5507339956238866
0.5765380337834358
0.5612809909507632
0.5552300135605037
0.5412569735199213
0.557563966140151
0.5821269587613642
0.5508940084837377
0.577480997890234
0.5545779713429511
0.5484640132635832
0.58222800726071
0.5703970091417432
0.5599039723165333
0.5568480119109154
0.55371702183038
0.4818909801542759
0.5573199596256018
0.734600005671382
0.4743450554087758
0.6006939802318811
0.6462800083681941
0.5565840401686728
0.5536440294235945
0.5446969880722463
0.5564739694818854
0.6174639565870166
0.5370299913920462
0.4680640413425863
0.5233839619904757
0.49143400974571705
0.6258069770410657
0.48880098620429635
0.5515479715541005
0.532984035089612
0.5839210352860391
0.5722439964301884
0.5700969486497343
0.5545309977605939
0.5648309597745538
0.5755340098403394
0.5603570025414228
0.5859810044057667
0.5355910398066044
0.5482010310515761
0.6037869607098401
0.5548270419239998
0.5577709525823593
0.5594309768639505
0.5521340062841773
0.5538469995371997
0.5834170151501894
0.5725399823859334
0.5471380427479744
0.5580940051004291
0.5630669766105711
0.5498940008692443
0.5553769879043102
0.5483080167323351
0.647731008939445
0.7943559903651476
0.5452740006148815
0.5665899952873588
0.5616699927486479
0.5600270233117044
0.5018750089220703
0.584248045925051
0.5487510352395475
0.5442679976113141
0.5775539902970195
0.5736739840358496
0.5592870293185115
0.5837140488438308
0.5460240063257515
0.5577770061790943
0.5609240033663809
0.5540470010600984
0.5565470200963318
0.5503370193764567
0.5864709964953363
0.5569139611907303
0.574973993934691
0.558833999093622
0.5673469859175384
0.5633910186588764
0.5563550512306392
0.6472499808296561
0.5492540076375008
0.5331740248948336
0.6028180359862745
0.554284022655338
0.5595699767582119
0.5489509785547853
0.5556879914365709
0.5864970153197646
0.5470069590955973
0.5857439828105271
0.5476009682752192
0.5695780273526907
0.4985349951311946
0.5520040285773575
0.5575109971687198
0.569593976251781
0.5938579561188817
0.5577270057983696
0.5530370399355888
0.5911010084673762
0.5461809923872352
0.5083039868623018
0.582417007535696
0.5412069731391966
0.5616139969788492
0.5163880414329469
0.48820098163560033
0.5532479844987392
0.587122980505228
0.6572699639946222
0.5001439712941647
0.5387410055845976
0.633827003184706
0.5174310063011944
0.5575169925577939
0.5522049614228308
0.5795229808427393
0.5083279684185982
0.5484780413098633
0.5587179912254214
0.5574609967879951
0.5524869775399566
0.5603300523944199
0.5785870016552508
0.5516179953701794
0.5434370250441134
0.5777309997938573
0.5928900209255517
0.5624099867418408
0.5310769774951041
0.4904409870505333
0.5697440356016159
0.586559996008873
0.5433810292743146
0.5540939746424556
0.5556470132432878
0.5903469864279032
0.5506479647010565
0.5838139913976192
0.5607240018434823
0.5557709955610335
0.5432670004665852
0.5546599859371781
0.5855540512129664
0.5558899720199406
0.5627170321531594
0.6095910212025046
0.5531809874810278
0.5581710138358176
0.5504809669218957
0.5521369748748839
0.5818770150654018
0.5504279979504645
0.5796200130134821
0.548674026504159
0.5528639885596931
0.561003980692476
0.5501650157384574
0.5506069865077734
0.5510539631359279
0.6026169867254794
0.5659779999405146
0.5594970425590873
0.6207209662534297
0.5436450010165572
0.55988400708884
0.5834909970872104
0.5587709601968527
0.5602079909294844
0.49670395674183965
0.5552680231630802
0.5553279770538211
0.5919469986110926
0.5832799943163991
0.5478939856402576
0.5604680045507848
0.561491004191339
0.5487509770318866
0.5602110177278519
0.5491909687407315
0.5968140321783721
0.5893179913982749
0.5410209996625781
0.5568439955823123
0.5833539762534201
0.5612539825960994
0.5592879606410861
0.5782209918834269
0.5545340245589614
0.5468210438266397
0.6564169889315963
0.5263040075078607
0.5591700319200754
0.582497043069452
0.5517210229299963
0.541574030648917
0.5580169963650405
0.5234909476712346
0.5389369907788932
0.6586670060642064
0.6539640016853809
0.7242170395329595
0.6234329775907099
0.5638740258291364
0.564664020203054
0.5532539798878133
0.5563870072364807
0.5898739909753203
0.5668769590556622
0.546284019947052
0.5808910354971886
0.5606579943560064
0.5609039799310267
0.5493339849635959
0.6312740151770413
0.59949402930215
0.5447680014185607
0.5830940208397806
0.5502210115082562
0.5595739930868149
0.5618310533463955
0.6546700024046004
0.4916979814879596
0.5572339869104326
0.6053869728930295
0.5588670028373599
0.4949179710820317
0.5514209624379873
0.4896150203421712
0.5407640128396451
0.5798569764010608
0.5567640182562172
0.5610940279439092
0.561824010219425
0.5628669750876725
0.5942439893260598
0.5501040141098201
0.5109509802423418
0.5468750023283064
0.5522280116565526
0.566490984056145
0.5487970192916691
0.5609410000033677
0.5526249879039824
0.5843139952048659
0.5758070037700236
0.5448810406960547
0.5577070405706763
0.5628140061162412
0.551631033886224
0.630612950772047
0.592233962379396
0.5515750381164253
0.5741140339523554
0.5784739623777568
0.5314740119501948
0.5585879553109407
0.5965279997326434
0.5273169954307377
0.5620039883069694
0.5584000027738512
0.5488399765454233
0.5573370144702494
0.556254992261529
0.5817110068164766
0.5526510067284107
0.6445500184781849
0.5625439807772636
0.5325240199454129
0.5452740006148815
0.5601780139841139
0.5903539713472128
0.564143992960453
0.5563640152104199
0.5853769835084677
0.557563966140151
0.5639140144921839
0.5069540347903967
0.5542010185308754
0.6518769660033286
0.5528609617613256
0.603084044996649
0.5466309958137572
0.5562940496020019
0.5582440062426031
0.5671080434694886
0.5542900180444121
0.5521540297195315
0.6014269893057644
0.5534869851544499
0.5984670133329928
0.5619209841825068
0.5622080061584711
0.550468044821173
0.5564639577642083
0.5996270338073373
0.5485140136443079
0.618137011770159
0.5574770038947463
0.5593500100076199
0.5613640532828867
0.49282098188996315
0.5537339602597058
0.5470109754242003
0.5495239747688174
0.5746609531342983
0.48062094720080495
0.5697499727830291
0.5591109511442482
0.5497609963640571
0.5737809697166085
0.5414879997260869
0.5797480116598308
0.5419079679995775
0.5593039677478373
0.5596469854936004
0.557300983928144
0.5504880100488663
0.5177040002308786
0.5773979937657714
0.552216952200979
0.556963961571455
0.5471550393849611
0.5461740074679255
0.5805440014228225
0.6533529958687723
0.4971610032953322
0.4974410403519869
0.56238699471578
0.5747399991378188
0.5589139764197171
0.5789840361103415
0.5558670382015407
0.5471340264193714
0.5753270233981311
0.5596040282398462
0.5583339952863753
0.5502040148712695
0.5601280136033893
0.6022980087436736
0.6127669475972652
0.543213973287493
0.5819840007461607
0.5513870273716748
0.5629409570246935
0.5542510189116001
0.5546040483750403
0.5521069979295135
0.6009169737808406
0.5704599898308516
0.552970974240452
0.5577499978244305
0.5641069728881121
0.5510470364242792
0.5812009912915528
0.5624269833788276
0.5532749928534031
0.5527139874175191
0.5512370262295008
0.5690010148100555
0.5474170320667326
0.5845400155521929
0.5737509927712381
0.5533740040846169
0.5614340188913047
0.5517739919014275
0.5467770388349891
0.5436509964056313
0.5745069938711822
0.5658810259774327
0.5498480168171227
0.5597139825113118
0.5592540255747736
0.5452570039778948
0.5522339488379657
0.5526869790628552
0.5867939908057451
0.5465209833346307
0.6085970089770854
0.5683770286850631
0.5619670264422894
0.5455840146169066
0.56380097521469
0.5837710341438651
0.5513509968295693
0.553941004909575
0.55498699657619
0.5511500057764351
0.585330999456346
0.5851640016771853
0.5451110191643238
0.5601070006377995
0.5571909714490175
0.5585569888353348
0.5747610121034086
0.5646370118483901
0.5513009964488447
0.5511439521797001
0.6344610010273755
0.5351040163077414
0.5616700509563088
0.5506050074473023
0.5321740172803402
0.5641269963234663
0.5494810175150633
0.5412240279838443
0.6339299725368619
0.5028370069339871
0.5596069968305528
0.5637150024995208
0.5523209692910314
0.5506739835254848
0.5827639834024012
0.5773739540018141
0.5326910177245736
0.5664899945259094
0.5622939788736403
0.5755639867857099
0.5685579963028431
0.5543240113183856
0.6489100051112473
0.5435140337795019
0.5522110150195658
0.5529599729925394
0.5844599800184369
0.624713022261858
0.5330870044417679
0.5195710109546781
0.6273600156418979
0.5539339617826045
0.4900909843854606
0.5835400079376996
0.5504610016942024
0.5519179976545274
0.5775840254500508
0.5606099730357528
0.5564079619944096
0.567166949622333
0.6424169987440109
0.5949870101176202
0.4917480400763452
0.5980540299788117
0.5334439920261502
0.5570369539782405
0.5597010022029281
0.5496639641933143
0.5570840439759195
0.5520569975487888
0.5519479745998979
0.549611053429544
0.6270779995247722
0.5435800412669778
0.5073510110378265
0.5267339874990284
0.6450699875131249
0.5110009806230664
0.5103839794173837
0.5322680226527154
0.6319929962046444
0.6209170096553862
0.5987840122543275
0.5138579872436821
0.4895479651167989
0.5800499930046499
0.5487779853865504
0.5570809589698911
0.5554879899136722
0.5185280460864305
0.6509069935418665
0.5515800439752638
0.5172640085220337
0.5551609792746603
0.5586969782598317
0.6257370114326477
0.4907639813609421
0.665143015794456
0.5532709765248001
0.5013769841752946
0.6130230030976236
0.5082209827378392
0.5624709883704782
0.5889640306122601
0.48637500731274486
0.5317300092428923
0.5675180000253022
0.4904240486212075
0.5660809692926705
0.5690609687007964
0.5848080036230385
0.5458910018205643
0.5807499983347952
0.5200579762458801
0.5743940128013492
0.5541639984585345
0.5788010312244296
0.5750509444624186
0.48156798584386706
0.5427540163509548
0.5736770108342171
0.5558269913308322
0.5690640537068248
0.5822210223414004
0.5743179935961962
1.0001820046454668
0.5519500118680298
0.6192500004544854
0.5603139870800078
0.5607000202871859
0.5729639669880271
0.58106699725613
0.5771109717898071
0.5476750084199011
0.5835270276293159
0.5630509695038199
0.5819739890284836
0.578483974095434
0.5490200128406286
0.5478250095620751
0.5730440025217831
0.5606109625659883
0.5711709964089096
0.5803499952889979
0.5713810096494853
0.5576609983108938
0.5927300080657005
0.5795439938083291
0.5611720262095332
0.5694630090147257
0.6313140038400888
0.5687240045517683
0.5626340280286968
0.5387610290199518
0.5338679766282439
0.5708110402338207
0.5476310034282506
0.5491010379046202
0.5180809530429542
0.5714300204999745
0.6390910129994154
0.6624169764108956
0.5000510136596859
0.48231397522613406
0.5599739961326122
0.5417299689725041
0.5265980144031346
0.5470539908856153
0.5044239806011319
0.5672239931300282
0.6612970028072596
0.5296440212987363
0.501935021020472
0.5524870357476175
0.5757600301876664
0.5582570447586477
0.5532550276257098
0.5837769713252783
0.6180070340633392
0.625232991296798
0.5359379574656487
0.5009970045648515
0.5530639900825918
0.5236639990471303
0.5547970067709684
0.6539039895869792
0.5687840166501701
0.4831310361623764
0.5243609775789082
0.5436870269477367
0.4912510048598051
0.5585839971899986
0.5721239722333848
0.6154269794933498
0.5462939734570682
0.5723710055463016
0.6125899963080883
0.5093549843877554
0.5049610044807196
0.5622109747491777
0.5424980190582573
0.5760909989476204
0.5564880557358265
0.5454780184663832
0.5746739916503429
0.5281710182316601
0.5257980083115399
0.5535809905268252
0.5295080482028425
0.5111870123073459
0.5351839936338365
0.687674037180841
0.5640470189973712
0.6286599673330784
0.5381570081226528
0.5728700198233128
0.5139840068295598
0.5394780309870839
0.562948000151664
0.5587139748968184
0.5565009778365493
0.49296399811282754
0.5941229755990207
0.578940031118691
0.5919969989918172
0.5540610291063786
0.5553810042329133
0.5511239869520068
0.551550998352468
0.5808279966004193
0.5626979982480407
0.5819910438731313
0.5664699710905552
0.5658470327034593
0.5751070566475391
0.5836469936184585
0.5490609910339117
0.625906977802515
0.5770300049334764
0.6207010010257363
0.6260800291784108
0.5918570095673203
0.4800509777851403
0.4748480278067291
0.6655770121142268
0.503838004078716
0.514523999299854
0.4907380207441747
0.5104700103402138
0.5905780126340687
0.5473539931699634
0.5458039813674986
0.5759010091423988
0.5709680262953043
0.5673039704561234
0.6472829845733941
0.5100879934616387
0.5494169890880585
0.6558739696629345
0.5709169781766832
0.5404269904829562
0.5665539647452533
0.6308170268312097
0.5028209998272359
0.5113250226713717
0.5605010082945228
0.5632609827443957
0.5072070052847266
0.5667670047841966
0.5650439998134971
0.48778398195281625
0.5261310143396258
0.5450500175356865
0.5582970334216952
0.5821209633722901
0.576774007640779
0.5719009786844254
0.5490640178322792
0.5451570032164454
0.5654909764416516
0.5616709822788835
0.5042440025135875
0.5184480105526745
0.4840909969061613
0.5620769807137549
0.5723540089093149
0.5787909612990916
0.48713100841268897
0.5804270040243864
0.5136810359545052
0.5506310262717307
0.5506169982254505
0.5651480169035494
0.6158470059745014
0.5472209886647761
0.5487370071932673
0.5817899946123362
0.629416957963258
0.5634940462186933
0.5495080258697271
0.6260580266825855
0.532870995812118
0.5433709593489766
0.5768099799752235
0.5453539779409766
0.6271140300668776
0.5158099811524153
0.5356809706427157
0.5227539804764092
0.5533169605769217
0.5804009851999581
0.6353370263241231
0.4928509588353336
0.5566269974224269
0.5699769826605916
0.5608809879049659
0.5088570178486407
0.5476970109157264
0.5812070448882878
0.54882001131773
0.5782939842902124
0.5584539612755179
0.5663899937644601
0.5690309917554259
0.5733569851145148
0.5947980098426342
0.5548310000449419
0.5622399621643126
0.5286540254019201
0.5344210076145828
0.582073989789933
0.5890179891139269
0.479067035485059
0.5767870461568236
0.5672739935107529
0.5769970011897385
0.5713740247301757
0.5734899896197021
0.5506339948624372
0.5432780017144978
0.5783899687230587
0.5578380078077316
0.5685699870809913
0.5742840003222227
0.5732770077884197
0.5999869899824262
0.547848001588136
0.5362840020097792
0.5779169732704759
0.6226229597814381
0.5149279604665935
0.4955710028298199
0.5000180099159479
0.5113669903948903
0.6429170025512576
0.5566340405493975
0.5355639732442796
0.6267440039664507
0.513023987878114
0.5261669866740704
0.5993039812892675
0.5621180171146989
0.5314209847711027
0.4875279846601188
0.5577339907176793
0.57860097149387
0.6152440328150988
0.5391580052673817
0.5199799779802561
0.5111980135552585
0.4965880070813
0.5518810357898474
0.5539639969356358
0.5528140463866293
0.7374669658020139
0.5195780540816486
0.4944870015606284
0.5839269724674523
0.5615170230157673
0.5583369638770819
0.5549879861064255
0.5597310373559594
0.6675960030406713
0.564257032237947
0.5541009595617652
0.5718910251744092
0.529398035723716
0.5428849835880101
0.5790240247733891
0.5631580133922398
0.5625169724225998
0.5525839515030384
0.558238010853529
0.543256988748908
0.5964339943602681
0.5747369723394513
0.4924139939248562
0.5505669978447258
0.5575339891947806
0.5522639839909971
0.5555999814532697
0.6454139947891235
0.5510899936780334
0.5457139923237264
0.5791140138171613
0.5720580229535699
0.5399709916673601
0.5725439987145364
0.5388709832914174
0.5804740358144045
0.6190239801071584
0.4994570044800639
0.5318180192261934
