109.68889499781653
108.60777099151164
108.57362300157547
108.49512199638411
108.47435297910124
108.60531905200332
108.46495104487985
108.60104497987777
108.57797396602109
108.5699149989523
108.4837630041875
108.76902396557853
108.45912102377042
108.54877904057503
108.82548097288236
108.52141602663323
108.53472998132929
108.51666599046439
108.50593401119113
108.464963035658
108.56398299802095
108.56891400180757
108.5302010178566
108.64132200367749
108.52983297081664
108.61101897899061
108.56080200755969
108.4596699802205
108.53099898668006
108.52992197033018
108.55427599744871
108.51712600560859
108.75799402128905
108.70586102828383
108.52395504480228
108.55228098807856
108.53991599287838
108.52201899979264
108.41141798300669
108.6168639594689
108.54439798276871
108.49578096531332
108.59880602220073
108.5967649705708
108.53566700825468
108.46467997180298
108.50263596512377
108.45108999637887
108.49442199105397
108.52969600819051
108.40243601705879
108.4564040065743
108.54827798902988
108.47019701031968
108.54457598179579
108.52289601461962
108.39456703979522
108.53414400480688
108.45000803237781
108.51436399389058
108.53316099382937
108.59863803489134
108.51545602781698
108.51469699991867
108.54820301756263
108.43335295794532
108.61772100906819
108.45647304086015
108.47038996871561
108.54734701570123
108.47464500693604
108.58674603514373
108.59312495449558
108.55684499256313
108.50596200907603
108.53852599393576
108.58192399609834
108.52719197282568
108.58164605451748
108.51863300194964
108.62452699802816
108.51476399693638
108.5040689795278
108.47955400822684
108.45127003267407
108.70429401984438
108.56383701320738
108.51929301861674
108.59352600527927
108.53963199770078
108.70025400072336
108.54821099201217
108.45309897558764
108.57957898406312
108.55632502352819
108.61506598303095
108.61871298402548
108.55871898820624
108.48855995573103
108.58443798497319
108.57303102966398
108.5140269715339
108.57550601940602
108.50270598893985
108.76840801211074
108.58643299434334
108.54131897212937
108.47955598728731
108.44329703832045
108.53173700161278
108.53302798932418
108.53160702390596
108.52877196157351
108.51997399004176
108.53120702086017
108.60815498745069
108.39006601599976
108.49110200069845
108.53760002646595
108.53619297267869
108.56468405108899
108.47670998191461
108.54578198632225
108.54798601940274
108.85401698760688
108.52837201673537
108.48596296273172
108.54084498714656
108.56662201695144
108.48061699653044
108.6811909917742
108.7490949430503
108.49031299585477
108.5672969929874
108.60335803590715
108.45848202006891
108.46806800691411
108.46467700321227
108.48695604363456
108.49604196846485
108.56180900009349
108.66900498513132
108.48742898087949
108.68406400550157
108.60753001179546
108.53303404292092
108.51279500639066
108.50379295879975
108.56757604051381
108.57013403438032
108.44258003635332
108.62210800405592
108.46843401668593
110.60671997256577
108.95126801915467
108.59980498207733
108.56951703317463
108.66693896241486
108.39184903306887
108.49189996952191
108.52588497800753
108.54801797540858
108.67600899655372
108.54760598158464
108.63245197106153
108.50123898126185
108.56858396437019
108.65080502117053
108.44944301061332
108.53901895461604
108.60720800701529
108.52457897271961
108.44150302000344
108.55729301692918
108.66885900031775
108.57107402989641
108.60783699899912
108.57595503330231
108.49358601262793
108.6281260359101
108.52352500660345
108.58761303825304
108.48075500689447
108.51410200120881
108.4649229887873
108.53714402765036
108.56362199410796
108.45028999028727
108.55259600793943
108.61743398709223
108.48490003263578
108.57400600798428
108.4982730099
108.49926201626658
108.52931498084217
108.57795301126316
108.53902698727325
108.52019902085885
108.49242296535522
108.51788596482947
108.5448189987801
108.64505096105859
108.63677295856178
108.83031802950427
108.7710409774445
108.79530297825113
108.41800196794793
108.49169996799901
108.53533598128706
108.54184895288199
108.50368201499805
108.49291802151129
108.56645100284368
108.3886629785411
108.44999103574082
108.46532095456496
108.59280300792307
108.38741797488183
108.5022899787873
108.5755189997144
108.60485100420192
108.4563200129196
108.37703401921317
108.46624005353078
108.54686301900074
108.49238198716193
108.6107169976458
108.57516195392236
108.64118399331346
108.52312698261812
108.49463602062315
108.47198899136856
108.49660000531003
108.65137499058619
108.85137401055545
108.6473849718459
108.45707199769095
108.47906995331869
108.42445597518235
108.44953201012686
108.45065303146839
108.56641898863018
108.5506520466879
108.55347797041759
108.49213704932481
108.5170689621009
108.46216598292813
108.54161001043394
108.3599939593114
108.53261500597
108.55058301240206
108.56963298283517
108.48300199722871
108.50651800865307
108.56425005476922
108.48269198322669
108.57492603827268
108.45205298392102
108.56629500631243
108.5381320444867
108.4730889997445
108.56261302251369
108.72260300675407
108.50825096713379
108.47597901010886
108.55936200823635
108.5312330396846
108.40407095383853
108.44476497732103
108.44534996431321
108.55005600024015
108.5035260184668
108.52611501468346
108.73505403287709
108.53095905622467
108.56591904303059
108.46113099250942
108.5342820151709
108.58767200261354
108.53357700398192
108.58174896566197
108.60419401433319
108.52087300736457
108.54337399359792
108.45067503396422
108.48460003035143
108.45335002522916
108.54085901519284
108.56168199097738
108.56180201517418
108.53911901358515
108.60134300310165
108.57591195963323
108.56852604774758
108.56411000713706
108.5615360061638
108.5082910140045
108.61564899096265
108.56609599431977
108.76721201930195
108.52200200315565
108.46131999278441
108.49584697280079
108.55362896109
108.65745495539159
108.57030795887113
108.55785995954648
108.50001004291698
108.43824601033702
108.5410219966434
108.40489802649245
108.60794899053872
108.61230798764154
108.56491897720844
108.50516799837351
108.44042396638542
108.66581101436168
108.46864699851722
108.54259401094168
108.61485404893756
108.61397301778197
108.49857097491622
108.78120199777186
108.54851297335699
108.53078600484878
108.55426295893267
108.51713398005813
108.56043099192902
108.49055397557095
108.48164896015078
108.49846998462453
108.5328459739685
108.49017900181934
108.57516998657957
108.52008900837973
108.53782598860562
108.51775505580008
108.57454204233363
108.52489800890908
108.44921297393739
108.58159599592909
108.56983996927738
108.6061280220747
108.6088779848069
108.52280596736819
108.58243302209303
108.582123008091
108.46270900219679
108.53364801732823
108.53795998264104
108.61739196116105
108.53424202650785
108.60285599483177
108.53237600531429
108.58460498275235
108.48796600475907
108.47779898904264
108.64192200824618
108.53127599693835
108.56429301202297
108.61507302615792
108.50848897825927
108.55094500584528
108.53686201153323
108.4891430218704
108.49268001038581
108.55650797020644
108.5030420217663
108.51840896066278
108.44199894927442
108.45610097749159
108.52575104217976
108.48939896095544
108.58198598725721
108.60939504345879
108.5387600469403
108.71623101411387
108.4855129593052
108.51481294957921
108.51229197578505
108.49702503765002
108.55687799630687
108.62454300513491
108.57116797706112
108.44591102795675
108.58804604504257
108.54943899903446
108.45753399189562
108.45672298455611
108.58089302200824
108.51087002083659
108.63540001446381
108.6159769911319
108.61323901917785
108.54566597845405
108.45037299441174
108.5130799910985
108.46555000171065
108.48651098785922
108.56736899586394
108.6050079902634
108.53687196504325
108.61808503977954
108.70302002876997
108.46222197869793
108.540682005696
108.94916101824492
108.57846995349973
108.62839099718258
108.63108199555427
108.61726896837354
108.5593750467524
108.62735798582435
108.64614200545475
108.5251760086976
108.4955669939518
108.569654985331
108.50525903515518
108.59407496172935
108.57407300500199
108.66949200863019
108.50805294467136
108.49658801453188
108.47861401271075
108.48013201029971
108.57861797558144
108.51429798640311
108.52931899717078
108.49180299555883
108.44586603343487
108.60117297852412
108.50764601491392
108.59762399923056
108.53096400387585
108.59624802833423
108.51153696421534
108.45800599781796
108.64713595947251
108.52843499742448
108.43577299965546
108.45093097304925
108.5421129828319
108.40031300904229
108.4936119732447
108.51958399871364
108.45229000551626
108.44899603398517
108.54648897657171
108.6390379932709
108.53482998209074
108.66863903356716
108.61263202968985
108.4305489785038
108.53108199080452
108.51780697703362
108.57053904328495
108.69888495653868
108.47604303853586
108.52456302382052
108.58017503051087
108.59622998395935
108.56504400726408
108.50310797104612
108.56721695745364
108.65289001958445
108.55338600231335
108.4908019984141
108.43165701953694
108.56137803057209
108.4937360137701
108.4772219765
108.55727997841313
108.35899400990456
108.55118604376912
108.54473302606493
108.48390898900107
108.51992596872151
108.59607101883739
108.55116799939424
108.56881103245541
108.49169996799901
108.66751801222563
108.758324990049
108.49415900884196
108.48844703286886
108.5505560040474
108.55281900148839
108.56772802071646
108.52166300173849
108.4974660188891
108.483477961272
108.49829600192606
108.49062603665516
108.50261495215818
108.4254119778052
108.54011902119964
108.76153799472377
108.54344296967611
108.64496201975271
108.50586602464318
108.64803101867437
108.5992400185205
108.56402403442189
108.56063099345192
108.48422296112403
108.60683099599555
108.46505698282272
108.55815495597199
108.62208000617102
108.59326098579913
108.54394600028172
108.44103200361133
108.39608794776723
108.51585201453418
108.6184119922109
108.59967599390075
108.45437599346042
108.52217901265249
108.57770300935954
108.56134898494929
108.40286599704996
108.54936897521839
108.60082000726834
108.49819495342672
108.42715302715078
108.55097399326041
108.44802198698744
108.46978303743526
108.48233901197091
108.48811100004241
108.46542398212478
108.53340895846486
108.44931600149721
108.50141698028892
108.49215899361297
108.46733301877975
108.53190795751289
108.50673198001459
108.53897599736229
108.54472004575655
108.48936502588913
108.4808359737508
108.51728403940797
108.52183599490672
108.4594179992564
108.56932000024244
108.44364500371739
108.59648196492344
108.5922559723258
108.4570029634051
108.54487295728177
108.4922959562391
108.55779203120619
108.4788860171102
108.43512002611533
108.44929295126349
108.56715904083103
108.51812595501542
108.54054900119081
108.49712300114334
108.49000298185274
108.42997900908813
108.32559398841113
108.53500198572874
108.60805999254808
108.41508698649704
108.53422898799181
108.50172798382118
108.47456002375111
108.47899998771027
108.50142198614776
108.52933797286823
108.73426799662411
108.52504102513194
108.51023899158463
108.5601540398784
108.56327199144289
108.43742999713868
108.51137700956315
108.52938203606755
108.57928398763761
108.57765097171068
108.55628602439538
108.5179119836539
108.42796100769192
108.60987298656255
108.6749509559013
108.50409598788247
108.5572749725543
108.46640396630391
108.47502504475415
108.56842697830871
108.63027797313407
108.51553996326402
108.48518996499479
108.54494897648692
108.49397600395605
108.47946704598144
108.48217597231269
108.4584190393798
108.46132104052231
108.48657198948786
108.53034601313993
108.51842898409814
108.44614496454597
108.53113699704409
108.4928450291045
108.56616595992818
108.42315305490047
108.5567029658705
108.47894696053118
108.62116800853983
108.53850102284923
108.48154703853652
108.4626050433144
108.63335698377341
108.59838098986074
108.56851498829201
108.49652299657464
108.53060299996287
108.55421394808218
108.51473099319264
108.51743095554411
108.53958799270913
108.48421900300309
108.49362896988168
108.57819602824748
108.53933898033574
109.03629299718887
108.5304010193795
108.55287505546585
108.50219597341493
108.45238895853981
108.57118800049648
108.47839101916179
108.50607696920633
108.4811280015856
108.49217401118949
108.45391696784645
108.48374600755051
108.4966060006991
108.45355299534276
108.50583197316155
108.54938300326467
108.53624902665615
108.36564103374258
108.43504400691018
108.51166100474074
108.5103930090554
108.5497280000709
108.53942896937951
108.49748202599585
108.47552499035373
108.52946300292388
108.48925897153094
108.50066295824945
108.53185504674911
108.39531099190935
108.47249999642372
108.64473500987515
108.69956004898995
108.54494996601716
108.55502198683098
108.5484930081293
108.50872000446543
108.40838501462713
108.47955703502521
108.51641598856077
108.40290697524324
108.52075199363753
108.46086899982765
108.52591600269079
108.76395500963554
108.47636294784024
108.51048200856894
108.49243000848219
108.4053689846769
108.48993598483503
108.52770501514897
108.4929839707911
108.47387998364866
108.53066499112174
108.60898799728602
108.44977502711117
108.52876800345257
108.56312600662932
108.55344496667385
108.53475995827466
108.51682798238471
108.50882402155548
108.44386101234704
108.51221502525732
108.52722200797871
108.50246297195554
108.46460401080549
108.52251900359988
108.5230489843525
108.46248996676877
108.52791299112141
108.4862049901858
108.49594295723364
108.49047498777509
108.50692598614842
108.50214696256444
108.46377199050039
108.56316902209073
108.62831998383626
108.46619500080124
108.5105599486269
108.49984595552087
108.53333602426574
108.5521390195936
108.46213100012392
108.55099000036716
108.61205199034885
108.37569698924199
108.46555302850902
108.47120301332325
108.47295599523932
108.53216901887208
108.5197989596054
108.54390397435054
108.52804500609636
108.64360100822523
108.51275699678808
108.52471500402316
108.53700200095773
108.50600799312815
108.55013300897554
108.56432298896834
108.61465201014653
108.55832503875718
108.56846795650199
109.03299204073846
108.46101201605052
108.51705604000017
108.52502199122682
108.50991599727422
108.67554100695997
108.45148103544489
108.50953101180494
108.52286301087588
108.49334596423432
108.4810650208965
108.39840397238731
108.72308601392433
108.46452898113057
108.50326402578503
108.5430079838261
108.58583601657301
108.60566899646074
108.55209198780358
108.4329400327988
108.58291003387421
108.46383200259879
108.45144296763465
108.51499799173325
108.57921000570059
108.45145297935233
108.57387201394886
108.42503001913428
108.50024502724409
108.4539860021323
108.49839600268751
108.56420901836827
108.57644199859351
108.61164098605514
108.43627800932154
108.50344400387257
108.52293303469196
108.46932500135154
108.50638302508742
108.507914992515
108.51317300694063
108.53065800620243
108.50303299957886
108.53020299691707
108.56700502336025
108.42747299466282
108.50789299001917
108.53309102822095
108.68630895856768
108.54961100267246
108.89773402595893
108.52582799270749
108.51970996009186
108.5712140193209
108.48595801508054
108.48717001499608
108.55241899844259
108.43233700143173
108.52951201377437
108.5187160060741
108.54130197549239
108.57818700606003
108.5120519855991
108.40602696407586
108.5002520121634
108.56026399414986
108.50247700000182
108.46378101268783
108.54252200806513
108.52390201762319
108.58048201771453
108.70343504939228
108.50858298363164
108.62072597956285
108.60444698482752
108.43979701166973
108.4930130164139
108.49005298223346
108.46420598682016
108.52752299979329
108.50265895714983
108.55357599211857
108.59574499772862
108.5830350057222
108.56672201771289
108.43719902914017
108.49967104149982
108.4361209650524
108.5096700116992
108.53696800768375
108.4810760221444
108.45048999181017
108.53106901049614
108.49968297407031
108.51358401123434
108.51137898862362
108.51722303777933
108.570687007159
108.53149299509823
108.41769498074427
108.57811797177419
108.50976902293041
108.46045502694324
108.50415303139016
108.51025301963091
108.53055102052167
108.53929200675339
108.65998797817156
108.54542203014717
108.70865499600768
108.84842899395153
108.90756401931867
108.45757398055866
108.58886002097279
108.46799099817872
108.50842500803992
108.45228598918766
108.51586400531232
108.4966870257631
108.4944800240919
108.43712597852573
108.54081599973142
108.49182197125629
108.52673195768148
108.49590599536896
108.58713899506256
108.43872296391055
108.46727498574182
108.46955399028957
108.58932498376817
108.483171032276
108.61469601513818
108.60742500517517
108.7312680319883
108.50226896582171
108.48713101586327
108.46438497537747
108.51902404101565
108.56963496189564
108.4426490124315
108.40796900447458
108.64035901613533
108.47983602434397
108.66500897100195
108.95632702158764
108.58891298994422
108.44797501340508
108.49986597895622
108.50228898925707
108.53013198357075
108.50477800704539
108.49471896653995
108.53515699272975
108.49610698642209
108.49237797083333
108.36117999861017
108.53846598183736
108.5251560434699
108.41638100100681
108.46160200890154
108.51158801233396
108.48156898282468
108.5048490203917
108.45994000555947
108.48698200425133
108.52016799617559
108.49397996207699
108.53942896937951
108.56200195848942
108.44768700189888
108.52677503135055
108.53168199537322
108.46706002485007
108.50935702910647
108.50035701878369
108.54048997862265
108.53706300258636
108.51887200260535
108.4814160130918
108.52674196939915
108.45398000674322
108.4195600124076
108.54108998319134
108.56681200675666
108.49536198657006
108.47241204464808
108.56688901549205
108.35098900133744
108.48835803335533
108.51348796859384
108.34896098822355
108.55493199778721
108.44398499466479
108.44491398893297
108.50891197333112
108.46517299069092
108.46895299619064
108.46448299707845
108.62656502285972
108.50174294319004
108.53058501379564
108.52458095178008
108.5275619989261
108.44973003258929
108.57634199783206
108.69315103627741
108.71176200453192
108.46508498070762
108.56300301384181
108.81633299868554
108.52401598822325
108.67672401946038
108.45404001884162
108.43008599476889
108.51608199300244
108.45493897795677
108.52529300609604
108.57110103825107
108.50921203382313
108.41653699753806
108.40970498975366
108.58438099967316
108.45711902948096
108.4957669954747
108.53356996085495
108.48354297922924
108.6505310377106
108.5263240383938
108.59920101938769
108.86367200873792
108.4595900028944
108.52467600489035
108.53518499061465
108.48138900473714
108.42675098683685
108.51911798818037
108.603110013064
108.51090797223151
108.43740694690496
108.52362599689513
108.48453198559582
108.49640896776691
108.5863760090433
108.55195997282863
108.52995503228158
108.48959197755903
108.54115302208811
108.57318103080615
108.55772899230942
108.43571001896635
108.49885997595266
108.48645499208942
108.46075898734853
108.54767897399142
108.50235295947641
108.40853198897094
108.54381101671606
108.39110799133778
108.43615600606427
108.55188901768997
108.53487194981426
108.48252003779635
108.48972899839282
108.38850896107033
108.51980396546423
108.46474196296185
108.51407604059204
