0.4584310227073729
0.43632497545331717
0.5499910330399871
0.5692669656127691
0.5263109924271703
0.5265270010568202
0.5048669991083443
0.5045350408181548
0.501261034514755
0.5002680118195713
0.4538210341706872
0.37922500632703304
0.3515650168992579
0.3732179757207632
0.3273650072515011
0.3227589768357575
0.32106798607856035
0.3231550217606127
0.3241420490667224
0.3217250341549516
0.32595801167190075
0.3234389587305486
0.3221890074200928
0.3240760415792465
0.32814103178679943
0.32309500966221094
0.3227759734727442
0.3229050198569894
0.3220710204914212
0.3243719693273306
0.3231990267522633
0.32432202715426683
0.32420502975583076
0.3220350481569767
0.3224880201742053
0.32850500429049134
0.32317498698830605
0.32221502624452114
0.32309500966221094
0.3238809877075255
0.32245501643046737
0.3226549597457051
0.32814504811540246
0.3279290394857526
0.32725802157074213
0.32477203058078885
0.3316379734314978
0.32600900158286095
0.3231450100429356
0.3259920049458742
0.3255450283177197
0.32420799834653735
0.3250319859944284
0.32819900661706924
0.3255510237067938
0.2739320043474436
0.3267750144004822
0.33083499874919653
0.3273090114817023
0.3259850200265646
0.3235680051147938
0.32875494798645377
0.325714994687587
0.3240090445615351
0.3301589749753475
0.32696803100407124
0.32537500374019146
0.32509496668353677
0.32983103301376104
0.32762205228209496
0.32574497163295746
0.3254010225646198
0.32580201514065266
0.3257850185036659
0.3246949636377394
0.3294150228612125
0.32595498487353325
0.3250280278734863
0.3254719777032733
0.32990198815241456
0.32484502298757434
0.3268849686719477
0.32529496820643544
0.32479799119755626
0.32597198151052
0.3254489856772125
0.32762502087280154
0.3251050366088748
0.3257750067859888
0.3254050388932228
0.3291320172138512
0.32580201514065266
0.3263550461269915
0.32557500526309013
0.32435200409963727
0.32610498601570725
0.32469897996634245
0.326198001857847
0.3254080074839294
0.3244510153308511
0.32375199953094125
0.3307249862700701
0.32769801327958703
0.3253290196880698
0.32603502040728927
0.32543804263696074
0.3248979919590056
0.3250350127927959
0.3280219971202314
0.3236549673601985
0.3250479931011796
0.3246589913032949
0.3290320164524019
0.3246949636377394
0.32507802825421095
0.3270180313847959
0.32538798404857516
0.32355799339711666
0.32580201514065266
0.32695900881662965
0.32391800777986646
0.3274619812145829
0.32489094883203506
0.3294179914519191
0.3254049806855619
0.32638799166306853
0.32322900369763374
0.32421899959445
0.32498501241207123
0.32361800549551845
0.3273650072515011
0.32689195359125733
0.3081519971601665
0.30641601188108325
0.3317879745736718
0.33812900073826313
0.33422198612242937
0.33157801954075694
0.28494198340922594
0.3253920003771782
0.33312500454485416
0.32771198311820626
0.2737289760261774
0.2566819894127548
0.25674502830952406
0.28341897996142507
0.3291350440122187
0.3054649569094181
0.32581796403974295
0.3245119587518275
0.3243079991079867
0.32369501423090696
0.3269989974796772
0.326084962580353
0.32463500974699855
0.3238180070184171
0.33743202220648527
0.3273150068707764
0.32323197228834033
0.32469502184540033
0.3250120207667351
0.3234479809179902
0.32508198637515306
0.3285190323367715
0.3245410043746233
0.3238780191168189
0.32404199009761214
0.3640779759734869
0.3298780065961182
0.32637198455631733
0.2767120022326708
0.32718497095629573
0.32454897882416844
0.3234850009903312
0.3300280077382922
0.3252389724366367
0.32454502070322633
0.3240280202589929
0.3356579691171646
0.32858795020729303
0.325264991261065
0.32640498830005527
0.3267910215072334
0.3249149885959923
0.32367900712415576
0.3284849808551371
0.3252110327593982
0.32376800663769245
0.3243919927626848
0.3299150266684592
0.324364984408021
0.3264120314270258
0.32522197579964995
0.323207990732044
0.32512203324586153
0.32516801729798317
0.32784498762339354
0.3248790162615478
0.27187500381842256
0.32471196027472615
0.33635797444730997
0.32721098978072405
0.3231510054320097
0.32359902979806066
0.3237219643779099
0.32520503737032413
0.32423902302980423
0.326084962580353
0.3275719936937094
0.3266580170020461
0.32426498364657164
0.33544498728588223
0.32917497446760535
0.32412802102044225
0.3254150506108999
0.3243849496357143
0.3243620158173144
0.3254979965277016
0.3468850045464933
0.3279749653302133
0.32769201789051294
0.27055502869188786
0.33860502298921347
0.32868795096874237
0.3235919866710901
0.32382801873609424
0.32362795900553465
0.32391498098149896
0.32440503127872944
0.32783200731500983
0.3229309804737568
0.32600504346191883
0.32441900111734867
0.32419804483652115
0.2743789809755981
0.3246119595132768
0.32426201505586505
0.3250510198995471
0.32384798396378756
0.323062005918473
0.32427499536424875
0.3278319491073489
0.322581036016345
0.2610020455904305
0.32608502078801394
0.32735796412453055
0.3254209877923131
0.392451009247452
0.32516103237867355
0.32639497658237815
0.3252179594710469
0.32610498601570725
0.3256950294598937
0.3243379760533571
0.32456201734021306
0.33786200219765306
0.32806902891024947
0.32559101236984134
0.3250919980928302
0.3231320297345519
0.32465497497469187
0.3253250033594668
0.32675499096512794
0.3258120268583298
0.32507203286513686
0.40688097942620516
0.33216498559340835
0.3259949735365808
0.32395898597314954
0.3228479763492942
0.257859006524086
0.341039034537971
0.3345379955135286
0.34084200160577893
0.3324950230307877
0.3349650069139898
0.26993599021807313
0.27724902611225843
0.3244649851694703
0.3172049764543772
0.3579879994504154
0.30789797892794013
0.2651690156199038
0.267499010078609
0.31338800908997655
0.29327598167583346
0.33186899963766336
0.3243950195610523
0.3218720084987581
0.3272120375186205
0.2320019993931055
0.3225490218028426
0.3245349507778883
0.3235519980080426
0.32295199343934655
0.32489903969690204
0.32699102303013206
0.32376102171838284
0.3246550331823528
0.32617500983178616
0.32850797288119793
0.32593501964583993
0.327091955114156
0.32266799826174974
0.3237220225855708
0.32427499536424875
0.3237479832023382
0.3270879969932139
0.32435497269034386
0.3223950043320656
0.3238850040361285
0.32867799745872617
0.32417202601209283
0.3234089817851782
0.32389903208240867
0.3235919866710901
0.3242479870095849
0.3241749946027994
0.32873800955712795
0.3238680073991418
0.323470972944051
0.32309902599081397
0.3292879555374384
0.3243879764340818
0.3247220302000642
0.32422097865492105
0.32158102840185165
0.32454897882416844
0.3245690022595227
0.32806495437398553
0.32537500374019146
0.3238179488107562
0.3223249805159867
0.328405003529042
0.3251250018365681
0.32455800101161003
0.3236450138501823
0.3233649767935276
0.32345199724659324
0.324369000736624
0.32696896232664585
0.3245289553888142
0.3236319753341377
0.322992040310055
0.3287650179117918
0.32396201277151704
0.3227590350434184
0.3243980463594198
0.3238979843445122
0.3226849948987365
0.32295798882842064
0.328105001244694
0.3231389564462006
0.3244480467401445
0.3236649790778756
0.3281079698354006
0.32440200448036194
0.32382900826632977
0.32402900978922844
0.3245180123485625
0.32390502747148275
0.32279198057949543
0.32631499925628304
0.327317975461483
0.3253419999964535
0.3243049723096192
0.3296250361017883
0.3250419977121055
0.32420497154816985
0.3228349960409105
0.32389903208240867
0.32503099646419287
0.3223320236429572
0.32821798231452703
0.32418500632047653
0.3237249911762774
0.32381899654865265
0.32801798079162836
0.3234310424886644
0.3236989723518491
0.32420497154816985
0.32209500204771757
0.3255420015193522
0.3241679514758289
0.32679602736607194
0.3240720252506435
0.3240890218876302
0.3230779548175633
0.3278150106780231
0.324257998727262
0.32485800329595804
0.32500800443813205
0.32325502252206206
0.324519001878798
0.32553100027143955
0.3272920148447156
0.32516795909032226
0.3241780214011669
0.3232950111851096
0.3289150190539658
0.32432202715426683
0.32333499984815717
0.3240910009481013
0.3231220180168748
0.3319850075058639
0.34376897383481264
0.3297209623269737
0.32279500737786293
0.3468350041657686
0.2972679794766009
0.3337289672344923
0.27298496570438147
0.26382197393104434
0.28145499527454376
0.33296801848337054
0.3064789925701916
0.33751799492165446
0.27853500796481967
0.2817679778672755
0.34982204670086503
0.314198958221823
0.34926499938592315
0.26565196458250284
0.19746902398765087
0.2491020131856203
0.2837259671650827
0.31345197930932045
0.33931498182937503
0.33852201886475086
0.2871819888241589
0.21522201132029295
0.33697899198159575
0.2944080042652786
0.3112020203843713
0.3378819674253464
0.3237220225855708
0.31048100208863616
0.30182901537045836
0.3260420053265989
0.3316049696877599
0.2948809997178614
0.34025200875476
0.33200200414285064
0.32489903969690204
0.3286379505880177
0.3238649806007743
0.3251219750382006
0.32455503242090344
0.3226080443710089
0.32465800177305937
0.3245690022595227
0.3270119777880609
0.32652501249685884
0.3254979965277016
0.32325799111276865
0.3302979748696089
0.3245319821871817
0.32316200667992234
0.3249709843657911
0.3245280240662396
0.3230480360798538
0.3257049829699099
0.327098008710891
0.32425805693492293
0.3244749968871474
0.325264991261065
0.3286850405856967
0.3248719731345773
0.3243020037189126
0.3233549650758505
0.32355799339711666
0.3233549650758505
0.325114990118891
0.3275020280852914
0.3235149779357016
0.3240350051783025
0.32552098855376244
0.32843498047441244
0.326652021612972
0.3258250071667135
0.32360199838876724
0.3365189768373966
0.2627079957164824
0.3264379920437932
0.3289220039732754
0.3248050343245268
0.3245409461669624
0.3246749984100461
0.32865500543266535
0.3242479870095849
0.32521801767870784
0.3234009491279721
0.32244500471279025
0.32514502527192235
0.32558199018239975
0.2713590511120856
0.328105001244694
0.3245960106141865
0.3237819764763117
0.3366079763509333
0.3265779814682901
0.32580201514065266
0.3248819848522544
0.3237149794586003
0.32464199466630816
0.324407999869436
0.3263449762016535
0.32573501812294126
0.3261889796704054
0.3245579428039491
0.32837199978530407
0.3262079553678632
0.3232919843867421
0.3249080036766827
0.32477203058078885
0.32507197465747595
0.3249489818699658
0.3281020326539874
0.32324198400601745
0.3254020120948553
0.32411498250439763
0.32610498601570725
0.325564993545413
0.3240759833715856
0.3235849435441196
0.32412499422207475
0.32433198066428304
0.32605102751404047
0.32782903872430325
0.3235919866710901
0.3235019976273179
0.32329204259440303
0.3259049844928086
0.3266580170020461
0.3231419832445681
0.3242980455979705
0.32454595202580094
0.32536202343180776
0.3234850009903312
0.3294349880889058
0.3238749923184514
0.3229249850846827
0.3251850139349699
0.40233798790723085
0.26008900022134185
0.2578119747340679
0.22248498862609267
0.3268779837526381
0.3135549486614764
0.3107460215687752
0.26163196889683604
0.295451027341187
0.26659900322556496
0.27698499616235495
0.34970196429640055
0.34064200008288026
0.2864319831132889
0.30921801226213574
0.23580901324748993
0.3348250174894929
0.3246080013923347
0.3360109985806048
0.3259179648011923
0.3143019857816398
0.2076589735224843
0.3153720172122121
0.30776497442275286
0.32275496050715446
0.33901503775268793
0.3059619921259582
0.2161129959858954
0.30796800274401903
0.32737100264057517
0.27386797592043877
0.3215020406059921
0.2957820543088019
0.3322309930808842
0.32316800206899643
0.34525099908933043
0.2924319705925882
0.3160419873893261
0.31690497417002916
0.33857201924547553
0.3382840077392757
0.3398180124349892
0.3343949792906642
0.2897449885495007
0.3127359668724239
0.32054499024525285
0.3483380423858762
0.32072904286906123
0.3223390085622668
0.327804998960346
0.31454802956432104
0.3382779541425407
0.32480101799592376
0.30035502277314663
0.3243110259063542
0.32225099857896566
0.3415009705349803
0.3553649876266718
0.27560797752812505
0.3100649919360876
0.33838499803096056
0.3423619782552123
0.30630797846242785
0.329331960529089
0.3263420076109469
0.3195350291207433
0.33054198138415813
0.3140720073133707
0.294998986646533
0.3406879841350019
0.34005497582256794
0.3396719694137573
0.337595003657043
0.29094197088852525
0.31807500636205077
0.31030498212203383
0.33676502062007785
0.3330189501866698
0.323618995025754
0.338271027430892
0.3281279932707548
0.3244749968871474
0.3233519964851439
0.32398500479757786
0.32659899443387985
0.3235850017517805
0.32793503487482667
0.32616202952340245
0.3253850154578686
0.3231959999538958
0.3362210118211806
0.32682198798283935
0.32466097036376595
0.3252510214224458
0.3248979919590056
0.32324803760275245
0.32545498106628656
0.33268495462834835
0.3254020120948553
0.3242350067012012
0.3255350166000426
0.3299409872852266
0.3265849663875997
0.3249020082876086
0.3238649806007743
0.32333499984815717
0.32457499764859676
0.32428500708192587
0.3287879517301917
0.324477965477854
0.3255549818277359
0.32508501317352057
0.3284520353190601
0.3257649950683117
0.32411800930276513
0.32316503347828984
0.3252680180594325
0.3241910017095506
0.32338901655748487
0.3295520436950028
0.32516103237867355
0.3232849994674325
0.3252719761803746
0.330312002915889
0.32601197017356753
0.32836198806762695
0.3255289630033076
0.3237149794586003
0.3240350051783025
0.3234250470995903
0.32594497315585613
0.32476201886311173
0.32346195075660944
0.32631098292768
0.32952503534033895
0.32523501431569457
0.32541598193347454
0.32588501926511526
0.3230680013075471
0.3259209915995598
0.3257550415582955
0.26981899281963706
0.3292409819550812
0.2575149992480874
0.254725047852844
0.26975502260029316
0.34253799822181463
0.22500200429931283
0.3027989878319204
0.1877120230346918
0.32995501533150673
0.3162879729643464
0.3294849884696305
0.2840919769369066
0.33963494934141636
0.2555259852670133
0.2818619832396507
0.3374619991518557
0.3441089647822082
0.33198902383446693
0.33770198933780193
0.2111460198648274
0.26494497433304787
0.33851800253614783
0.29692897805944085
0.3432189696468413
0.32827199902385473
0.2648920053616166
0.2776249893940985
0.2886480069719255
0.27683499502018094
0.34055899595841765
0.29451196314767003
0.3397510154172778
0.32288103830069304
0.32530497992411256
0.32332498813048005
0.28232199838384986
0.33296202309429646
0.3196150064468384
0.3393320366740227
0.34514901926741004
0.33860502298921347
0.3422750160098076
0.3107819939032197
0.31711498741060495
0.302666041534394
0.3160519991070032
0.33032801002264023
0.3384249866940081
0.3368690377101302
0.2768949489109218
0.3520849859341979
0.3353490028530359
0.2755650202743709
0.33676496241241693
0.3325519501231611
0.354930991306901
0.3177089965902269
0.33093098318204284
0.32630196074023843
0.2829489530995488
0.33962103771045804
0.32947497675195336
0.34998200135305524
0.2924259752035141
0.3251690068282187
0.3162649809382856
0.3060350427404046
0.3389219637028873
0.33274502493441105
0.35113899502903223
0.33837195951491594
0.31025498174130917
0.30941900331526995
0.31440897146239877
0.2829519798979163
0.3419949789531529
0.29080198146402836
0.3393209772184491
0.3346779849380255
0.341854989528656
0.33969496143981814
0.3198680351488292
0.3363679861649871
0.3230720176361501
0.33699796767905354
0.30430505285039544
0.23860594956204295
0.3580519696697593
0.33054902451112866
0.3305019927211106
0.34256494836881757
0.3373880172148347
0.3232589806430042
0.33629097742959857
0.3161210333928466
0.3094749990850687
0.33956096740439534
0.3369550104252994
0.30564196640625596
0.2755449968390167
0.33326499396935105
0.3382010036148131
0.328255002386868
0.3320319810882211
0.3307319711893797
0.33222499769181013
0.31302496790885925
0.346228014677763
0.3178119659423828
0.3302219556644559
0.3429480129852891
0.33230899134650826
0.312452029902488
0.3144950023852289
0.3316119546070695
0.3304549609310925
0.3202149528078735
0.33097504638135433
0.33210800029337406
0.2961980062536895
0.3305479767732322
0.3317110240459442
0.3437650157138705
0.3225519903935492
0.33039203844964504
0.3305249847471714
0.3306780126877129
0.3410580102354288
0.2654489944688976
0.3345519653521478
0.3273910260759294
0.3301550168544054
0.33098901621997356
0.33092201920226216
0.33191900001838803
0.33114501275122166
0.31001499155536294
0.32558798557147384
0.33946504117920995
0.2565419999882579
0.3286750288680196
0.2563190064392984
0.32959500094875693
0.2558449632488191
0.35161798587068915
0.2657360164448619
0.24221499916166067
0.25263603311032057
0.2651889808475971
0.3369679907336831
0.31854899134486914
0.27193198911845684
0.3372450009919703
0.2620550221763551
0.26096898363903165
0.327467976603657
0.3365650190971792
0.3082479815930128
0.34445797791704535
0.2507719909772277
0.2509320038370788
0.3193580196239054
0.26490201707929373
0.31098100589588284
0.32213504891842604
0.24817499797791243
0.2944280277006328
0.34494500141590834
0.20951899932697415
0.33084495225921273
0.3147190436720848
0.2906590234488249
0.34242100082337856
0.3167809918522835
0.33778900979086757
0.312265008687973
0.3379650297574699
0.3043449833057821
0.32271898817270994
0.33873901702463627
0.3397350083105266
0.3389350022189319
0.33743504900485277
0.30950800282880664
0.32178201945498586
0.2868659794330597
0.3199910279363394
0.3507210058160126
0.33677101600915194
0.2719819894991815
0.3361619892530143
0.3326089936308563
0.28436200227588415
0.3301489632576704
0.32541900873184204
0.33838499803096056
0.33821503166109324
0.3203749656677246
0.3281880053691566
0.27244200464338064
0.3301289980299771
0.33814500784501433
0.34246203722432256
0.27331605087965727
0.3393420483916998
0.33310498110949993
0.30162499751895666
0.3403089940547943
0.34436798887327313
0.2984259626828134
0.3617019974626601
0.3382779541425407
0.32172200735658407
0.2921450068242848
0.3226289991289377
0.2990560024045408
0.34167501144111156
0.3419319982640445
0.3384110168553889
0.32133504282683134
0.3328589955344796
0.34269801108166575
0.3008449566550553
0.34137105103582144
0.341367966029793
0.31053496059030294
0.2958180266432464
0.3299150266684592
0.33099501160904765
0.3310280153527856
0.32303197076544166
0.3371050115674734
0.3239350044168532
0.3372349892742932
0.31559495255351067
0.3051719977520406
0.33715099561959505
0.3376339445821941
0.32360898330807686
0.31052797567099333
0.3104950301349163
0.33823796547949314
0.3088410012423992
0.3376249806024134
0.3172180149704218
0.3371210186742246
0.3278249641880393
0.3336779773235321
0.27144199702888727
0.3379979752935469
0.3395280218683183
0.33977098064497113
0.33824500860646367
0.31989201670512557
0.3398880362510681
0.3343879943713546
0.32637902768328786
0.2998689888045192
0.3274450427852571
0.3020690055564046
0.33230800181627274
0.3336750087328255
0.327654997818172
0.3369509940966964
0.3401450230740011
0.3381249844096601
0.326428038533777
0.32874196767807007
0.2858549705706537
0.31562201911583543
0.3189750132150948
0.3351150080561638
0.3424850292503834
0.33223500940948725
0.339582038577646
0.31366903567686677
0.3102109767496586
0.3127450472675264
0.3396589891053736
0.28927501989528537
0.3316249931231141
0.21625199588015676
0.33902801806107163
0.25557499611750245
0.33925200114026666
0.3159079933539033
0.2278419560752809
0.27303496608510613
0.25107600959017873
0.299334991723299
0.33694098237901926
0.286480993963778
0.30491501092910767
0.3381820279173553
0.23721897741779685
0.28654601192101836
0.3437109990045428
0.29898202046751976
0.31732104253023863
0.3331580082885921
0.26214501122012734
0.25790202198550105
0.3517409786581993
0.2805480035021901
0.33004803117364645
0.27290196157991886
0.2738390467129648
0.3546280204318464
0.23239903384819627
0.2955719828605652
0.34502800554037094
0.2670650137588382
0.3162909997627139
0.34635199699550867
0.34283497370779514
