108.48542500752956
0.4725279868580401
0.40619500214233994
0.5559040000662208
0.534027989488095
0.533616985194385
0.5114369560033083
0.5108879995532334
0.5085570155642927
0.5148079944774508
0.5074709770269692
0.39157504215836525
0.3854880342260003
0.37398398853838444
0.3549089888110757
0.33142202300950885
0.3275990020483732
0.34240499371662736
0.32916199415922165
0.32713497057557106
0.32728799851611257
0.3258790238760412
0.3337580128572881
0.32974500209093094
0.3264189581386745
0.32718502916395664
0.3253479953855276
0.32442196970805526
0.3296489594504237
0.32711500534787774
0.3239520010538399
0.3262209938839078
0.32597797689959407
0.330231967382133
0.3250919980928302
0.32497599022462964
0.3282779944129288
0.3257780335843563
0.3247109707444906
0.33221201738342643
0.32697198912501335
0.3257810021750629
0.3279880038462579
0.3274420159868896
0.33366098068654537
0.3286050050519407
0.3277609939686954
0.32674201065674424
0.32611197093501687
0.32531103352084756
0.3298560041002929
0.3284849808551371
0.32793800346553326
0.3255220362916589
0.3253979957662523
0.32987596932798624
0.32806600211188197
0.3242350067012012
0.32566499430686235
0.32719504088163376
0.32640498830005527
0.33220602199435234
0.3294479683972895
0.32556097721681
0.3245790139771998
0.32636598916724324
0.33100502332672477
0.3258479991927743
0.32607896719127893
0.32574101351201534
0.32444903627038
0.32581196865066886
0.32885902328416705
0.3250479931011796
0.3251779708079994
0.3266489948146045
0.3255479969084263
0.3275719936937094
0.3255489864386618
0.32740202732384205
0.32639200799167156
0.32477901550009847
0.3260550438426435
0.33972098026424646
0.2640490420162678
0.32770895631983876
0.3255680203437805
0.32617500983178616
0.3329790197312832
0.3277380019426346
0.32465497497469187
0.3268009750172496
0.32611197093501687
0.3248319844715297
0.3304109559394419
0.32602797728031874
0.3244649851694703
0.2602349850349128
0.32651901710778475
0.33062597503885627
0.3265709965489805
0.3251879825256765
0.32414798624813557
0.3253250033594668
0.32533903140574694
0.3310960019007325
0.3252619644626975
0.32579503022134304
0.32726494828239083
0.3259149962104857
0.2937620156444609
0.3281490062363446
0.32530800672248006
0.32439903588965535
0.32600201666355133
0.3255989868193865
0.32937200739979744
0.32731902319937944
0.32548600574955344
0.3252520109526813
0.32536801882088184
0.32810098491609097
0.3248180146329105
0.32702903263270855
0.3254049806855619
0.3267220454290509
0.3284620470367372
0.3295880160294473
0.32696197740733624
0.3249620203860104
0.32609200570732355
0.35361095797270536
0.32983499113470316
0.2588979550637305
0.2804080140776932
0.3266420098952949
0.27763599064201117
0.3283150144852698
0.3254809998907149
0.26584300212562084
0.33567799255251884
0.27477199910208583
0.32552197808399796
0.2617519930936396
0.32462499802932143
0.2568389754742384
0.3152990248054266
0.32154202926903963
0.32646197360008955
0.32574799843132496
0.32688200008124113
0.3267279826104641
0.3261480014771223
0.32600201666355133
0.3240149817429483
0.32806198578327894
0.326052017044276
0.32390502747148275
0.32769801327958703
0.3271420137025416
0.3241290105506778
0.32879499485716224
0.3271489986218512
0.32407796243205667
0.32544200075790286
0.3266319981776178
0.33054198138415813
0.3289720043540001
0.3254279727116227
0.3253180184401572
0.32332201953977346
0.3253789618611336
0.3272379981353879
0.32389501575380564
0.32485200790688396
0.32499496592208743
0.3389319754205644
0.3297020448371768
0.32599898986518383
0.3265520208515227
0.32420200295746326
0.325828033965081
0.3249290166422725
0.3264690167270601
0.32829801784828305
0.32667204504832625
0.2819790388457477
0.33624598290771246
0.3285220009274781
0.32669800566509366
0.3266619751229882
0.3253890317864716
0.3229249850846827
0.3250960144214332
0.32711203675717115
0.3274650080129504
0.324295018799603
0.3251979942433536
0.3364989534020424
0.32609899062663317
0.32601197017356753
0.3262649988755584
0.32485503470525146
0.32491202000528574
0.3265689592808485
0.331164977978915
0.3249719738960266
0.3258759970776737
0.32550195464864373
0.32820203341543674
0.3262219834141433
0.3248089924454689
0.32527901930734515
0.32389198895543814
0.32493198523297906
0.33706502290442586
0.32860098872333765
0.324895023368299
0.3272260073572397
0.3256319905631244
0.328592024743557
0.32654503593221307
0.32704800833016634
0.32496900530532
0.3261989913880825
0.3262879909016192
0.32945204293355346
0.32734795240685344
0.325902015902102
0.32558804377913475
0.3262149984948337
0.330788956489414
0.3267120337113738
0.32602803548797965
0.32589095644652843
0.32712501706555486
0.3241489757783711
0.32967800507321954
0.3264349652454257
0.3263220423832536
0.3250419977121055
0.32646796898916364
0.3305890131741762
0.32639200799167156
0.3263679682277143
0.3263679682277143
0.3250350127927959
0.3263590042479336
0.33114204416051507
0.3249879810027778
0.3273589536547661
0.32637501135468483
0.3252419992350042
0.33180502941831946
0.3280580276623368
0.326191948261112
0.3245510160923004
0.3250919980928302
0.3274449845775962
0.3310479805804789
0.3253280301578343
0.3268580185249448
0.32706197816878557
0.32483902759850025
0.3304549609310925
0.32573798671364784
0.3243079991079867
0.3269479493610561
0.32567197922617197
0.3514289855957031
0.3583719953894615
0.2604119945317507
0.2572720404714346
0.32610498601570725
0.2570580109022558
0.2637819852679968
0.25863200426101685
0.2567489864304662
0.26908499421551824
0.25489600375294685
0.1916330074891448
0.32502796966582537
0.32721797470003366
0.3188219852745533
0.2683820202946663
0.21259603090584278
0.30386599246412516
0.3321020049043
0.33027498284354806
0.32661197474226356
0.32618799014016986
0.3241749946027994
0.32564502907916903
0.32548903254792094
0.32589497277513146
0.3262489917688072
0.3254680195823312
0.32443797681480646
0.32559799728915095
0.3284949925728142
0.32520201057195663
0.3240749938413501
0.32507500145584345
0.3265850245952606
0.32493803882971406
0.3290320164524019
0.3172780270688236
0.32630201894789934
0.32498204382136464
0.3245479892939329
0.3303679986856878
0.32550597097724676
0.32662495505064726
0.326571986079216
0.32572197960689664
0.3262619720771909
0.33019203692674637
0.326571986079216
0.3273719921708107
0.326802022755146
0.3241290105506778
0.3292880137450993
0.3241020021960139
0.32513501355424523
0.32428099075332284
0.3255479969084263
0.32564200228080153
0.3281490062363446
0.2692249836400151
0.328035035636276
0.3242449602112174
0.32429798739030957
0.3302979748696089
0.3260879893787205
0.3249590517953038
0.3251180169172585
0.32578897662460804
0.3249550354667008
0.3308080486021936
0.32552098855376244
0.3257310017943382
0.32698502764105797
0.32562902197241783
0.3285760176368058
0.32661797013133764
0.3259049844928086
0.3259880468249321
0.32500800443813205
0.3262879909016192
0.3300089738331735
0.3244710387662053
0.32440200448036194
0.3260649973526597
0.32520201057195663
0.3284980193711817
0.32661895966157317
0.32484199618920684
0.324145017657429
0.3251349553465843
0.3239960060454905
0.3290320164524019
0.32573501812294126
0.32527901930734515
0.3248690045438707
0.32589497277513146
0.3282360266894102
0.3242220263928175
0.3273650072515011
0.32522500259801745
0.3238680073991418
0.3256479976698756
0.32727501820772886
0.32608903711661696
0.32493495382368565
0.32443099189549685
0.326802022755146
0.33025199081748724
0.3249389701522887
0.32640801509842277
0.32600201666355133
0.3242319799028337
0.32769900280982256
0.32902497332543135
0.3248249995522201
0.32655196264386177
0.3259379882365465
0.33554196124896407
0.3285619895905256
0.3248989814892411
0.32383197685703635
0.32646197360008955
0.27018197579309344
0.32594898948445916
0.32969802850857377
0.3258519573137164
0.3244719700887799
0.32416899921372533
0.324671040289104
0.3294350462965667
0.3251750022172928
0.3251780290156603
0.3267719876021147
0.3265819977968931
0.3242960083298385
0.3285619895905256
0.32528897281736135
0.32536499202251434
0.3249680157750845
0.3310150350444019
0.32822100911289454
0.28677500085905194
0.2699960023164749
0.27539196889847517
0.24442601716145873
0.3327790182083845
0.2843349939212203
0.2852749894373119
0.23759499890729785
0.23913802579045296
0.21229597041383386
0.2214720007032156
0.2864989801310003
0.345214968547225
0.19985903054475784
0.24244195083156228
0.21394900977611542
0.19290600903332233
0.2509220503270626
0.3254720359109342
0.3360679838806391
0.33406197326257825
0.3336909576319158
0.3297249786555767
0.318241014610976
0.33318198984488845
0.332702009472996
0.32652501249685884
0.32528897281736135
0.2858650404959917
0.33598800655454397
0.3328779712319374
0.3341650008223951
0.3313320339657366
0.32682495657354593
0.33121200976893306
0.3278150106780231
0.332145020365715
0.20130997290834785
0.3262080135755241
0.3239610232412815
0.3252549795433879
0.32938201911747456
0.32508495496585965
0.32647501211613417
0.32588199246674776
0.32960501266643405
0.32695900881662965
0.32618199475109577
0.3246749984100461
0.3268879954703152
0.32578897662460804
0.3268549917265773
0.3268019645474851
0.3254719777032733
0.3262850223109126
0.32521499088034034
0.3292019828222692
0.3264789702370763
0.19450602121651173
0.3253320464864373
0.3236319753341377
0.32447202829644084
0.3248850116506219
0.3284820122644305
0.3243919927626848
0.32380799530074
0.32588804606348276
0.3400220302864909
0.32763800118118525
0.3114709979854524
0.32683799508959055
0.32527901930734515
0.32616499811410904
0.3255510237067938
0.32733898842707276
0.3274190239608288
0.3281779936514795
0.3246080013923347
0.3373880172148347
0.3302919794805348
0.3242089878767729
0.32622204162180424
0.3254779730923474
0.3244589897803962
0.32485497649759054
0.2731520216912031
0.3288410371169448
0.325410976074636
0.3256949712522328
0.3389220219105482
0.32836600439623
0.3261920064687729
0.3264310071244836
0.3259879886172712
0.32463803654536605
0.3262080135755241
0.32872502924874425
0.32384798396378756
0.3257620264776051
0.32871903385967016
0.3290649619884789
0.3270779852755368
0.3267920110374689
0.3249990404583514
0.32457103952765465
0.32516801729798317
0.3375220112502575
0.3290320164524019
0.3224849933758378
0.3235850017517805
0.32328604720532894
0.32540602842345834
0.3234479809179902
0.32402900978922844
0.32199500128626823
0.32346497755497694
0.3239550278522074
0.33359898952767253
0.32815500162541866
0.3266349667683244
0.3244419931434095
0.32506498973816633
0.33049099147319794
0.3263389808125794
0.3253250033594668
0.3249819856137037
0.3252580063417554
0.3247550339438021
0.32896496122702956
0.3268560394644737
0.3256089985370636
0.32318802550435066
0.3260049852542579
0.32910198206081986
0.32499199733138084
0.32690499210730195
0.32705202465876937
0.3246879787184298
0.32601197017356753
0.32893900061026216
0.32807199750095606
0.29109203023836017
0.3258580109104514
0.3270410234108567
0.2744519733823836
0.333528034389019
0.25944202207028866
0.2678859746083617
0.19358203280717134
0.19352202070876956
0.19343901658430696
0.26921601966023445
0.32924802508205175
0.323731976095587
0.2767579862847924
0.2456490183249116
0.2208889927715063
0.19568897550925612
0.26361196069046855
0.3265659906901419
0.33136497950181365
0.33573899418115616
0.3327879821881652
0.3338649985380471
0.3343150019645691
0.3495209966786206
0.33436500234529376
0.33324898686259985
0.3064050106331706
0.3354980144649744
0.3343449789099395
0.33283198717981577
0.333748001139611
0.3060510498471558
0.3312419867143035
0.3202250227332115
0.3331549814902246
0.23228494683280587
0.29218202689662576
0.32468902645632625
0.3336389781907201
0.3305050195194781
0.33260497730225325
0.31777197727933526
0.330799026414752
0.3253280301578343
0.3139820182695985
0.3246719716116786
0.33348501892760396
0.3356380038894713
0.34758500987663865
0.2993890084326267
0.3275289782322943
0.3316310467198491
0.28837803984060884
0.33441901905462146
0.32995204674080014
0.3314550267532468
0.23435894399881363
0.29956200160086155
0.3012650413438678
0.33322098897770047
0.3361619892530143
0.32205897150561213
0.33416098449379206
0.28813601238653064
0.3317450173199177
0.30205200891941786
0.3384219598956406
0.3326319856569171
0.3182520158588886
0.3287720028311014
0.3324350109323859
0.33064500894397497
0.327091955114156
0.32555899815633893
0.32647099578753114
0.3263450344093144
0.3259889781475067
0.3297849907539785
0.3254979965277016
0.32837496837601066
0.3273119800724089
0.3252549795433879
0.3307319711893797
0.3289650194346905
0.32477802596986294
0.328735972288996
0.32640196150168777
0.3253350150771439
0.32913900213316083
0.32616202952340245
0.32552500488236547
0.32639497658237815
0.3251209855079651
0.3288220032118261
0.3274079645052552
0.32698496943339705
0.325038970913738
0.3252080059610307
0.32637803815305233
0.3287849831394851
0.32749801175668836
0.3251180169172585
0.32786099473014474
0.3353380016051233
0.32807100797072053
0.327654997818172
0.3251180169172585
0.32447901321575046
0.3259819932281971
0.32514898339286447
0.3281520330347121
0.3289949963800609
0.3270949819125235
0.32588501926511526
0.33822498517110944
0.329411996062845
0.3267020219936967
0.3260049852542579
0.3251250018365681
0.32649101922288537
0.32689503859728575
0.32782903872430325
0.3273080219514668
0.3260679659433663
0.32409600680693984
0.33094797981902957
0.3262949758209288
0.3258549841120839
0.3259620280005038
0.3271549940109253
0.325191009324044
0.3357889945618808
0.3288250300101936
0.32615201780572534
0.32640498830005527
0.3246049745939672
0.329566013533622
0.32655498944222927
0.3270750166848302
0.3268650034442544
0.28880900936201215
0.3200619830749929
0.28380798175930977
0.3247609711252153
0.24753896286711097
0.33012800849974155
0.19227201119065285
0.19426201470196247
0.19642501138150692
0.19371300004422665
0.3317560185678303
0.33275200985372066
0.3155190497636795
0.2871759934350848
0.20350900012999773
0.19374897237867117
0.19636197248473763
0.33194205025210977
0.3333850181661546
0.3344420110806823
0.3043489996343851
0.29789801919832826
0.34499901812523603
0.3396749962121248
0.3250280278734863
0.3264449769631028
0.3326350124552846
0.33717096084728837
0.34765200689435005
0.33402099506929517
0.31929498072713614
0.27558603323996067
0.34582801163196564
0.3336520167067647
0.3398490371182561
0.28890499379485846
0.29393500881269574
0.2915750374086201
0.33711502328515053
0.3062079777009785
0.33298798371106386
0.3332850174047053
0.3339010290801525
0.3361289855092764
0.307924987282604
0.31199504155665636
0.33391499891877174
0.33177505247294903
0.3349279868416488
0.3149649710394442
0.32111199107021093
0.3336420049890876
0.312456046231091
0.3281980170868337
0.33795798663049936
0.3337980015203357
0.3289690357632935
0.25097199250012636
0.27078902348876
0.3314680070616305
0.3252589958719909
0.3190709976479411
0.33296796027570963
0.30948600033298135
0.3343889839015901
0.3075019922107458
0.3314079949632287
0.3227089764550328
0.32737100264057517
0.33290497958660126
0.3251789603382349
0.3311149775981903
0.3344049910083413
0.33427804009988904
0.33346202690154314
0.3060419694520533
0.3264790284447372
0.26555900694802403
0.33312803134322166
0.3345250152051449
0.33429497852921486
0.34159800270572305
0.3391489735804498
0.33369800075888634
0.32843498047441244
0.3062289906665683
0.3055980196222663
0.337707984726876
0.3342480049468577
0.34130795393139124
0.2889790339395404
0.33308903221040964
0.3265720442868769
0.33889495534822345
0.32753596315160394
0.26156503008678555
0.19276601960882545
0.3241879749111831
0.33634196734055877
0.32667501363903284
0.31029595993459225
0.22761296713724732
0.19445200450718403
0.31206803396344185
0.2692620037123561
0.266785966232419
0.27508498169481754
0.24984602350741625
0.2806049888022244
0.3325649886392057
0.33324898686259985
0.29284204356372356
0.3335250075906515
0.326498004142195
0.3239679499529302
0.33266498940065503
0.33275497844442725
0.33677200553938746
0.32692798413336277
0.3151750424876809
0.3342450363561511
0.3329920000396669
0.3227749839425087
0.3158980398438871
0.33294601598754525
0.3161250497214496
0.33039803383871913
0.3307980368845165
0.3202820080332458
0.3332310006953776
0.3317610244266689
0.3218379570171237
0.33333798637613654
0.30306197004392743
0.33390201861038804
0.3380289999768138
0.3336049849167466
0.3349879989400506
0.3326089936308563
0.33303501550108194
0.3030090010724962
0.3373760264366865
0.2656790311448276
0.3392980434000492
0.33459498081356287
0.3049990045838058
0.2486360026523471
0.33282500226050615
0.19622599938884377
0.1926789991557598
0.1941290101967752
0.19743602024391294
0.3002489684149623
0.3311120090074837
0.22717600222676992
0.2642889739945531
0.25592505699023604
0.19590300507843494
0.19333901582285762
0.26973505737259984
0.3271710011176765
0.32435200409963727
0.25693897623568773
0.3424889873713255
0.3362349816597998
0.3333819913677871
0.33384497510269284
0.33232802525162697
0.33736799377948046
0.3277920186519623
0.33128797076642513
0.3369349869899452
0.21382601698860526
0.32291101524606347
0.3216649638488889
0.3389249905012548
0.32748898956924677
0.32741198083385825
0.3171320422552526
0.27121201856061816
0.31186797423288226
0.33311196602880955
0.33485901076346636
0.33405201975256205
0.33246498787775636
0.2602019812911749
0.3295979695394635
0.32579200342297554
0.33200503094121814
0.33332500606775284
0.3267180291004479
0.3030860098078847
0.33475097734481096
0.3240920486859977
0.33457798417657614
0.3227519919164479
0.32928900327533484
0.31819799914956093
0.2912150230258703
0.33325800905004144
0.25412195827811956
0.30175497522577643
0.32824097434058785
0.31219201628118753
0.29161799466237426
0.31675200443714857
0.34918199526146054
0.3240149817429483
0.30495598912239075
0.2734290319494903
0.33488194458186626
0.3263579565100372
0.34034898271784186
0.33473799703642726
0.33421802800148726
0.30965497717261314
0.3261279780417681
0.3342580166645348
0.32550201285630465
0.27178198797628284
0.333447998855263
0.33391499891877174
0.3332880442030728
0.33495499519631267
0.32705196645110846
0.3318089875392616
0.3326580044813454
0.3368379548192024
0.3405449679121375
0.2975050010718405
0.33588503720238805
0.3115920117124915
0.27038203552365303
0.3253279719501734
0.339021033141762
0.33360201632604003
0.33103901660069823
0.26658602291718125
0.2883650013245642
0.3316049696877599
0.32623199513182044
0.3343819989822805
0.2580949803814292
0.2533550141379237
0.19233598140999675
0.3168479888699949
0.2616790006868541
0.24015898816287518
0.2962520229630172
0.2682549529708922
0.26725203497335315
0.2882719854824245
0.22939499467611313
0.3452280070632696
0.3287619911134243
0.2991489600390196
0.3211720031686127
0.2552959485910833
0.2756959875114262
0.19698304822668433
0.3073420375585556
0.3208849811926484
0.31922198832035065
0.34188502468168736
0.3043489996343851
0.3294179914519191
0.31615502666682005
0.3152649733237922
0.2910519833676517
0.32761599868535995
0.3316049696877599
0.3131419653072953
0.3482689498923719
0.29854499734938145
0.333748001139611
0.3325389698147774
0.3449919749982655
0.2724319929257035
0.3382780123502016
0.333228032104671
0.33662503119558096
0.3373979707248509
0.32706197816878557
0.33348501892760396
0.3185059758834541
0.31046499498188496
0.31569902785122395
0.3509919624775648
0.33288501435890794
0.3189819981344044
0.27044297894462943
0.192538951523602
0.2515689702704549
0.21325197303667665
0.19477203022688627
0.23401202633976936
0.3015349502675235
0.33477903343737125
0.27026201132684946
0.2510020276531577
0.2280290354974568
0.19395200069993734
0.2692059497348964
0.30965497717261314
0.3055980196222663
0.3285389975644648
0.2673459821380675
0.3289279993623495
