77.45376497041434
77.62064301641658
77.57234200835228
77.52358500147238
77.66792405163869
77.5312699843198
77.48516101855785
77.57743599358946
77.59886496933177
77.56211498053744
77.61469401884824
77.50463200500235
77.58363301400095
77.62003701645881
77.55454402649775
77.57776702055708
77.52240099944174
77.49674195656553
77.47131399810314
77.50414498150349
77.54172704881057
77.56591401994228
77.54191104322672
77.57559104356915
77.56537897512317
77.45058502769098
77.5235680048354
77.54476700210944
77.58368505164981
77.5094690034166
77.44437601650134
77.54536397987977
77.48255401384085
77.50255899736658
77.62199599528685
77.57471402874216
77.53021002281457
77.5767529848963
77.47602596646175
77.53851899178699
77.565727988258
77.5166240055114
77.50436302740127
77.54187600221485
77.5342279812321
77.5543519994244
77.47524901060387
77.59706303477287
77.55349494982511
77.58332299999893
77.50104099977762
77.57418596884236
77.57617597235367
77.47341197682545
77.520530030597
77.59283401537687
77.51684304093942
77.56970898481086
77.53612799569964
77.60344102280214
77.56274001440033
77.56277796579525
77.55667599849403
77.49046600656584
77.4769620038569
77.63533503748477
77.55181402899325
77.5057949940674
77.49028399121016
77.59482000255957
77.46671402128413
77.53334101289511
77.57208897965029
77.55043602082878
77.58740498684347
77.52447796519846
77.53518602112308
77.50116003444418
77.38997897831723
77.54985499195755
77.56162399891764
77.59403699310496
77.48488197103143
77.58771703811362
77.54234003368765
77.44309905683622
77.32633699197322
77.54173199646175
77.56693102419376
77.56433897884563
77.57332100300118
77.59858097415417
77.43172202026471
77.50635198317468
77.46327598579228
77.39303901325911
77.54870800999925
77.59201200678945
77.53765099914744
77.58422900224105
77.44444097625092
77.52509898273274
77.46168598532677
77.48062198515981
77.5218129856512
77.5722480029799
77.53029902232811
77.50895601930097
77.54621998174116
77.54758797818795
77.51638698391616
77.51362503040582
77.52289396012202
77.54126295913011
77.61051302077249
77.58074102457613
77.5619350024499
77.5560870533809
77.51906802877784
77.57880201097578
77.55376404384151
77.56043097469956
77.58245198056102
77.54041597945616
77.57462200243026
77.56950496695936
77.5430360226892
77.56644301116467
77.53603899618611
77.48588296817616
77.55955302855
77.5353679782711
77.54520000889897
77.60956999845803
77.43460504570976
77.61879003373906
77.5989830144681
77.52339402213693
77.57784298155457
77.57533999392763
77.59335695300251
77.48421502765268
77.48902897583321
77.53487699665129
77.57578999735415
77.57350703468546
77.64014898566529
77.59603398153558
77.5543479830958
77.55982899107039
77.49865803634748
77.53354799933732
77.57150405086577
77.58193201152608
77.54614000441507
77.55838200682774
77.53579301061109
77.56246399367228
77.47164601460099
77.57530204253271
77.57378398673609
77.56768999388441
77.52502796938643
77.55196699872613
77.54223002120852
77.56497402442619
77.45016895933077
77.53101899288595
77.55508401896805
77.5698539800942
77.49354699626565
77.49733998207375
77.55630899919197
77.57258805213496
77.53355900058523
77.55538000492379
77.58976303739473
77.45203102240339
77.62733299750835
77.5582340429537
77.54204701632261
77.53643195610493
77.60051602963358
77.61594100156799
77.4851450114511
77.57491897791624
77.48781301779673
77.60055805556476
77.60668499395251
77.54816202213988
77.45574502041563
77.57115201093256
77.50567299081013
77.57968798978254
77.621981035918
77.57763902191073
77.54735701018944
77.58519804337993
77.57447799667716
77.55691098282114
77.68046599812806
77.60050497017801
77.47176999691874
77.49114197213203
77.48857897240669
77.60543504264206
77.47086096787825
77.6201449916698
77.51862204167992
77.6237229583785
77.48745498247445
77.58163602557033
77.56110798800364
77.53728498937562
77.5786170270294
77.54483999451622
77.51043100142851
77.61875202413648
77.50046497676522
77.58676400408149
77.47549004852772
77.544215018861
77.47555401874706
77.6024570222944
77.51652703154832
77.531230985187
77.51931302482262
77.56769098341465
77.56293303100392
77.54823501454666
77.5329300086014
77.56794703891501
77.52605597488582
77.51515001291409
77.58599001681432
77.53665995551273
77.57859100820497
77.57483702152967
77.46265002060682
77.56609300849959
77.57296902127564
77.55981502123177
77.54975697025657
77.50210200902075
77.58503395598382
77.50577497063205
77.48766604345292
77.59257801808417
77.53294397844002
77.53039995441213
77.53774197772145
77.58871401892975
77.46865297667682
77.51243701204658
77.51399499829859
77.5812590145506
77.5500750169158
77.57213100558147
77.58416899014264
77.54127396037802
77.48573500430211
77.53105799201876
77.79815298272297
77.55937002366409
77.5683909887448
77.57749099982902
77.5058200233616
77.56574999075383
77.62684597400948
77.5299679953605
77.49294501263648
77.50624400796369
77.5341660482809
77.49065902316943
77.60309602599591
77.49882701318711
77.62112701311707
77.57544901687652
77.53780297935009
77.51706801354885
77.59032701142132
77.51469104550779
77.58207496954128
77.50088698230684
77.5550160324201
77.53875805065036
77.50070397742093
77.48805999290198
77.58342701708898
77.54273997852579
77.56580098066479
77.54827401367947
77.6005499646999
77.52558204811066
77.46593002229929
77.572220005095
77.49923900701106
77.51331705367193
77.61434599524364
77.51204702071846
77.51286600250751
77.52783503383398
77.50496204243973
77.49976101331413
77.54299900261685
77.56713003618643
77.4913530331105
77.53157295519486
77.60188600514084
77.46110699372366
77.43643096182495
77.51660898793489
77.62802200159058
77.56992295617238
77.55833299597725
77.52081798389554
77.58656196529046
77.57321797544137
77.5244880351238
77.52860296750441
77.51709996955469
77.5490979431197
77.53408001735806
77.52287300536409
77.58668396854773
77.4674279964529
77.48701598029584
77.5968810194172
77.50514196231961
77.5277060456574
77.49436004087329
77.54612801363692
77.5636889738962
77.5561269838363
77.53964001312852
77.54331000614911
77.54432404180989
77.56076502846554
77.54139398457482
77.5036760023795
77.55547802662477
77.5739909731783
77.51083100447431
77.49234599759802
77.56714598508552
77.56709499517456
77.55531696602702
77.56746304221451
77.56892900215462
77.46150897582993
77.43748399661854
77.52325898036361
77.58327497867867
77.57116301218048
77.619508956559
77.55366194760427
77.58094498421997
77.55037304013968
77.44120195275173
77.55877199815586
77.59219501167536
77.53075397340581
77.43837195448577
77.5588930118829
77.57645199308172
77.55956903565675
77.5280449888669
77.53021799726412
77.58522202493623
77.49504898674786
77.53472996409982
77.48426403850317
77.57797400699928
77.5295440107584
77.42432301165536
77.55608699517325
77.6035170420073
77.55728904157877
77.56476994836703
77.51844299491495
77.56201701704413
77.5368080358021
77.49578601215035
77.54723000107333
77.49450503615662
77.53342704381794
77.44926697341725
77.45645398972556
77.56144896848127
77.53919396782294
77.53408700227737
77.54007098264992
77.51693698810413
77.51352799823508
77.51336100045592
77.46449497062713
77.55520998034626
77.55470596021041
77.47335999738425
77.57476303959265
77.56699901074171
77.55831599934027
77.49791396781802
77.56937597878277
77.47042400296777
77.52753200475127
77.49759504804388
77.52266497118399
77.69498496782035
77.66171504044905
77.66922499286011
77.57554104318842
77.58995203766972
77.5189230334945
77.5493350229226
77.55103299859911
77.57433998631313
77.48437998816371
77.48808804899454
77.55533000454307
77.54448498599231
77.55743799498305
77.53309601685032
77.48377602547407
77.50847598072141
77.52771599916741
77.48718600487337
77.54754199413583
77.56843499373645
77.47104798909277
77.43906497489661
77.49202504055575
77.5480440352112
77.5695460033603
77.52471300773323
77.55811995593831
77.54785002907738
77.56926404545084
77.50639598816633
77.555586991366
77.58822402684018
77.54751498578116
77.58549699792638
77.54229102283716
77.55557697964832
77.56004395196214
77.40695198299363
77.4936830275692
77.57881900761276
77.55586499115452
77.52570498269051
77.53827603301033
77.51741498941556
77.55004498176277
77.53696897998452
77.44150597136468
77.53695704741403
77.52484799129888
77.49777502613142
77.52547902055085
77.54964003106579
77.57758902153
77.49159401282668
77.50875101191923
77.56222202442586
77.53764698281884
77.55516102770343
77.57872896036133
77.51873799134046
77.47822999954224
77.46954198228195
77.53703300841153
77.5651530129835
77.54611800191924
77.54266000119969
77.53643696196377
77.5203260127455
77.55328598432243
77.48533802805468
77.45093101402745
77.53151399083436
77.55964301759377
77.48953002737835
77.47810700675473
77.54389697220176
77.49128999421373
77.49049400445074
77.46594399213791
77.56573701044545
77.47263601049781
77.51160400221124
77.49099301872775
77.55200198153034
77.48932501999661
77.44614098919556
77.46296300319955
77.50862801913172
77.55212002666667
77.48370995977893
77.48965203063563
77.56380701903254
77.53033103654161
77.49065803363919
77.56530400365591
77.50115299131721
77.57452898658812
77.52200902905315
77.51726801507175
77.54514797125012
77.51840795390308
77.52436998998746
77.54611503332853
77.55161100067198
77.47141300933436
77.53836002666503
77.60184502694756
77.52626400906593
77.53869501175359
77.45969900861382
77.5343410205096
77.56080001126975
77.48547801747918
77.60613295249641
77.51755201024935
77.58253399515525
77.5549229583703
77.56395696196705
77.61497504543513
77.51410698983818
77.5326489820145
77.49961299123242
77.54347595619038
77.56294700084254
77.56726897787303
77.50149298226461
77.48769700992852
77.5301480316557
77.57640397176147
77.5647810078226
77.52986595733091
77.49305700417608
77.52868003444746
77.47239904711023
77.49432598939165
77.62593502411619
77.54790497710928
77.58612500037998
77.57589203538373
77.53567496547475
77.61888898676261
77.49145600246266
77.55043503129855
77.56553200306371
77.57548900553957
77.50369497807696
77.54365704022348
77.58946297690272
77.51634798478335
77.48693396570161
77.52650498878211
77.61050900444388
77.50637497520074
77.53742899512872
77.54521700553596
77.5096450233832
77.56444794358686
77.49451202107593
77.49837101437151
77.61498203035444
77.58636400103569
77.59545900626108
77.46573199983686
77.52869697287679
77.51738897059113
77.44689896935597
77.56869698641822
77.50785601092502
77.4857600335963
77.54012098303065
77.49964902177453
77.57231598952785
77.57938600843772
77.43625796865672
77.5446820189245
77.52604695269838
77.52317102858797
77.50660396413878
77.47703802306205
77.56859401706606
77.58826995268464
77.55888800602406
77.59085000725463
77.58949795970693
77.49923196388409
77.61685899458826
77.48570397961885
77.54839997505769
77.53894902998582
77.49256101669744
77.63229100964963
77.53862498793751
77.53590896027163
77.4943619617261
77.50549295451492
77.55453401478007
77.55928300321102
77.50891702016816
77.52873498247936
77.58729194756597
77.57783000124618
77.60686299297959
77.46597699588165
77.51823798753321
77.5615280144848
77.43687997572124
77.51574501162395
77.46564998524264
77.63912697555497
77.51153700519353
77.54572900012136
77.57237897021696
77.50841800589114
77.50472403131425
77.53802405204624
77.55084498785436
77.54943001782522
77.55108998389915
77.56373198935762
77.48277101200074
77.51532300608233
77.49639794928953
77.60946900816634
77.5523689808324
77.58293900405988
77.58149801520631
77.54568400559947
77.55942700896412
77.56175001850352
77.50379899516702
77.59374199667946
77.54699798533693
77.53648998914286
77.5687339482829
77.54624600056559
77.52772798994556
77.52352202078328
77.41913199424744
77.54636200843379
77.54529803059995
77.54675700562075
77.49519002391025
77.60978396981955
77.54022302106023
77.5271329912357
77.52521801739931
77.57840596605092
77.54091097740456
77.48297904618084
77.51162396743894
77.57103495532647
77.51069701043889
77.52138195792213
77.50038697849959
77.54139497410506
77.5423469603993
77.57121801842004
77.62211398221552
77.54686602856964
77.49351696111262
77.55311497021466
77.52694701775908
77.56850897567347
77.52541598165408
77.5516020366922
77.51423196168616
77.44766602991149
77.5694219628349
77.6065579848364
77.54552800906822
77.57688499987125
77.56692997645587
77.54126499639824
77.63572596013546
77.55473896395415
77.56598200649023
77.56401697406545
77.46945001417771
77.53650099039078
77.54357397789136
77.54596002632752
77.52972602611408
77.5468529900536
77.4556910037063
77.55712396465242
77.46175804641098
77.57797400699928
77.57715502521023
77.48430798528716
77.55055499728769
77.56070198956877
77.54299300722778
77.50165701145306
77.48600596096367
77.48909498332068
77.55344797624275
77.57890701759607
77.59493897901848
77.48674799222499
77.52332300879061
77.5566470110789
77.47636298881844
77.5422080187127
77.52722001168877
77.62636803090572
77.50315498560667
77.60220800992101
77.54341996042058
77.49254896771163
77.52824603812769
77.51207100227475
77.50710804248229
77.54909398499876
77.53665396012366
77.53965200390667
77.60376296937466
77.49201502883807
77.44792295852676
77.42937299190089
77.57400203263387
77.53358100308105
77.55988097051159
77.55347498459741
77.54825800657272
77.57946394849569
77.51823199214414
77.56685803178698
77.5687110144645
77.54063000902534
77.52885803347453
77.5202649529092
77.56298797903582
77.478852996137
77.49312202213332
77.52612902550027
77.4972919607535
77.53438601503149
77.44573202216998
77.56261702161282
77.46920001227409
77.55719497799873
77.58745097089559
77.56717602023855
77.51500199083239
77.49901595525444
77.55065499804914
77.50986499013379
77.54752604523674
77.54267897689715
77.47673097765073
77.6063019875437
77.5590569828637
77.53724895883352
77.4806150002405
77.4584099999629
77.4622349999845
77.43489800486714
77.46009802212939
77.54181197378784
77.56730896653607
77.58806698257104
77.60652899742126
77.57348800078034
77.53057399531826
77.55005400395021
77.45781302219257
77.5026609771885
77.44469598401338
77.54826999735087
77.57910998770967
77.48399098636582
77.55963096860796
77.48014095705003
77.52613798948005
77.51678302884102
77.5523420306854
77.5225959951058
77.55700103007257
77.5934110279195
77.53646903438494
77.48198497574776
77.52183702541515
77.56344100926071
77.60350999888033
77.55267503671348
77.57366198347881
77.51807296881452
77.51761499093845
77.4848249857314
77.44652801193297
77.506487024948
77.56183197489008
77.55135401384905
77.55671895574778
77.48884096508846
77.5766689912416
77.54298800136894
77.5389859918505
77.49668299220502
77.5374390068464
77.52710301429033
77.4982989532873
77.47584400931373
77.53512402996421
77.51786999870092
77.50543201109394
77.52522599184886
77.51203398220241
77.50448299339041
77.48330198228359
77.5476960116066
77.55432702833787
77.55701499991119
77.47965701855719
77.49041699571535
77.5102749466896
77.53173302626237
77.53002300160006
77.53601600416005
77.55379303125665
77.51360302791
77.45530596002936
77.49739103019238
77.56528601748869
77.48372101923451
77.57105602649972
77.50354200834408
77.55734497914091
77.52372801769525
77.51098304288462
77.4785690009594
77.52836600411683
77.55014603026211
77.55341700976714
77.46539794607088
77.55714800441638
77.51224300591275
77.53164798486978
77.52696797251701
77.53105001756921
77.54670298891142
77.54081499297172
77.44328398257494
77.56068604066968
77.56340398918837
77.44609500514343
77.5022300076671
77.55272201029584
77.53232499817386
77.45856803376228
77.48725701821968
77.52758200513199
77.56031496683136
77.56669400259852
77.486838970799
77.57689303252846
77.47696398291737
77.46992300963029
77.47968600597233
77.58934999583289
77.53361400682479
77.45044899638742
77.56600598804653
77.53615197725594
77.49248301843181
77.45592598803341
77.53249700181186
77.57436798419803
77.49854598660022
77.53733202116564
77.56382401566952
77.58746499894187
77.5599600165151
77.55310001084581
77.54323503468186
77.55428197560832
77.48840696876869
77.46510702418163
77.50870304880664
77.55352900130674
77.54135096911341
77.54326902795583
77.54038600251079
77.61541497893631
77.48821296263486
77.52041699131951
77.50038197264075
77.5430949870497
77.55757699487731
77.45104900095612
77.55150803131983
77.4988679913804
77.5087169604376
77.52447103848681
77.50052498886362
77.565637009684
77.52992300083861
77.55115104373544
77.56785902893171
77.54244998795912
77.52843701746315
77.43587903678417
77.44014699710533
77.55999604705721
77.61050300905481
77.55546999396756
77.57198304170743
77.53632997628301
77.51188200199977
77.4511430063285
77.50672800466418
77.57951499661431
77.5825289892964
77.51248002750799
77.5502470205538
77.5110760005191
77.56556302774698
77.42424996104091
77.47844798723236
77.55637099035084
77.56905601127073
77.5083169573918
77.53226504428312
77.50410196604207
77.54575205035508
77.49245502054691
77.50706601655111
77.50791596481577
77.51259801443666
77.46827998198569
77.50294799916446
77.4669999955222
77.55749800708145
77.48552900739014
77.55514298332855
77.4597889976576
77.54207099787891
77.47934001963586
77.51152600394562
77.55757396807894
77.61353004025295
77.5164119550027
77.53438496729359
77.50962697900832
77.5474639958702
77.46972504537553
77.53158203558996
77.55734899546951
77.54250301513821
77.4521249695681
77.49679998960346
77.55848200758919
77.64318399131298
77.56781100761145
77.56356097524986
77.53830502042547
77.53721496555954
77.55099196219817
77.55121501395479
77.53808004781604
77.52173999324441
77.55679299589247
77.48435699613765
77.54709798609838
77.55669503239915
77.43037701584399
77.4784930399619
77.50519399996847
77.54574000136927
77.66937400447205
77.56871200399473
77.5612720171921
77.53886503633112
77.4710460100323
77.58439099416137
77.5482039898634
77.59339199401438
77.45387096656486
77.54710095468909
77.5328489835374
77.58789201034233
77.53313198918477
77.56094296928495
77.51979201566428
77.50086899613962
77.55966199329123
77.52456999151036
77.55157601786777
77.56588002666831
77.49505998799577
77.55452103447169
