0.0016400008462369442
0.0013599928934127092
0.0008139759302139282
0.0007630151230841875
0.0008599890861660242
0.0007729977369308472
0.0007630151230841875
0.0007729977369308472
0.0007360067684203386
0.0007039925549179316
0.0008500064723193645
0.0007739872671663761
0.000813015503808856
0.000900006853044033
0.0004720059223473072
0.0005429901648312807
0.00044199987314641476
0.0007969792932271957
0.0009030045475810766
0.00045899651013314724
0.00041202292777597904
0.0003940076567232609
0.0008030037861317396
0.0007560010999441147
0.0004479952622205019
0.0004569883458316326
0.00045899651013314724
0.00040399027056992054
0.0007039925549179316
0.0007560010999441147
0.0008039933163672686
0.0004149915184825659
0.00047800131142139435
0.00038699363358318806
0.0007370254024863243
0.0006960181053727865
0.0007099879439920187
0.0004080065991729498
0.000420986907556653
0.0003960158210247755
0.00078001176007092
0.0007170019671320915
0.000733998604118824
0.0007229973562061787
0.0007599883247166872
0.0009030045475810766
0.0007700000423938036
0.000733998604118824
0.0007259950507432222
0.0007569906301796436
0.0007100170478224754
0.000747008016332984
0.00078001176007092
0.0007069902494549751
0.0008640054147690535
0.0007369962986558676
0.0008229981176555157
0.0006929913070052862
0.0007500057108700275
0.0006940099410712719
0.0007030030246824026
0.0007330090738832951
0.0007160124368965626
0.0008599890861660242
0.0007229973562061787
0.0007829803507775068
0.0007500057108700275
0.000747008016332984
0.0009039940778166056
0.0007240159902721643
0.0007599883247166872
0.0007469789125025272
0.00078001176007092
0.000800006091594696
0.0007600174285471439
0.0008069910109043121
0.0007500057108700275
0.0007770140655338764
0.0007300113793462515
0.000755971996113658
0.0007030030246824026
0.0007459893822669983
0.0007740163709968328
0.0007430207915604115
0.0007199996616691351
0.0007199996616691351
0.0007600174285471439
0.0007599883247166872
0.0007399939931929111
0.0007429916877299547
0.0006869959179311991
0.0007299822755157948
0.0007269845809787512
0.000733998604118824
0.00076700234785676
0.0007570197340101004
0.0006799818947911263
0.0007269845809787512
0.0007100170478224754
0.0007229973562061787
0.0007199996616691351
0.0007660128176212311
0.0007360067684203386
0.0006860063876956701
0.0007269845809787512
0.0007429916877299547
0.0007199996616691351
0.0007459893822669983
0.0006970076356083155
0.0006929913070052862
0.0006860063876956701
0.0007060007192194462
0.0007500057108700275
0.0007170019671320915
0.0007399939931929111
0.0007229973562061787
0.0006899936124682426
0.0007299822755157948
0.0007039925549179316
0.0007299822755157948
0.000693020410835743
0.0006969785317778587
0.0007770140655338764
0.0007240159902721643
0.0006970076356083155
0.0007399939931929111
0.0006959890015423298
0.0007060007192194462
0.0007560010999441147
0.0007259950507432222
0.0007970083970576525
0.0007539929356426001
0.0007459893822669983
0.0007360067684203386
0.0007769849617034197
0.0009030045475810766
0.00078001176007092
0.000800006091594696
0.0007099879439920187
0.0007500057108700275
0.0007500057108700275
0.0007729977369308472
0.0007500057108700275
0.000747008016332984
0.0008300121407955885
0.0007500057108700275
0.0007500057108700275
0.0007500057108700275
0.0007540220394730568
0.0007700000423938036
0.000746018486097455
0.0007500057108700275
0.0008069910109043121
0.0007700000423938036
0.0007399939931929111
0.0007500057108700275
0.0007400230970233679
0.0008060014806687832
0.0007860071491450071
0.0008160131983458996
0.0007729977369308472
0.0007729977369308472
0.0007630151230841875
0.0007630151230841875
0.0007769849617034197
0.0007929920684546232
0.0008270144462585449
0.0007369962986558676
0.0006970076356083155
0.0006399932317435741
0.0008440110832452774
0.0007700000423938036
0.0007439812179654837
0.0007769849617034197
0.0007700000423938036
0.00076700234785676
0.00079302117228508
0.0007630151230841875
0.0007869966793805361
0.0007799826562404633
0.0007739872671663761
0.0007330090738832951
0.0007430207915604115
0.0007199996616691351
0.0007539929356426001
0.0007500057108700275
0.0007530034054070711
0.0007499766070395708
0.00078001176007092
0.0007299822755157948
0.0007530034054070711
0.000713014742359519
0.0007700000423938036
0.0007199996616691351
0.0008030037861317396
0.0007240159902721643
0.000733998604118824
0.0007569906301796436
0.0007799826562404633
0.0007399939931929111
0.0007499766070395708
0.0007330090738832951
0.0007269845809787512
0.0007939815986901522
0.0007629860192537308
0.0007569906301796436
0.0007300113793462515
0.000880012521520257
0.0007159833330661058
0.0007530034054070711
0.0008099887054413557
0.000746018486097455
0.0007900234777480364
0.0007170019671320915
0.000700005330145359
0.0007059716153889894
0.0007300113793462515
0.0006929913070052862
0.0007369962986558676
0.0007700000423938036
0.0007170019671320915
0.0007099879439920187
0.0007099879439920187
0.0007940107025206089
0.000700005330145359
0.0007569906301796436
0.0007369962986558676
0.00079302117228508
0.0007469789125025272
0.0007399939931929111
0.000733998604118824
0.0007269845809787512
0.0007330090738832951
0.0007060007192194462
0.0007569906301796436
0.0007300113793462515
0.0007399939931929111
0.0007199996616691351
0.0007199996616691351
0.0007259950507432222
0.0007199996616691351
0.0007100170478224754
0.0007459893822669983
0.0007300113793462515
0.0007629860192537308
0.0007569906301796436
0.0008839997462928295
0.0007899943739175797
0.0007839989848434925
0.0007199996616691351
0.0007270136848092079
0.0007170019671320915
0.0007539929356426001
0.0007669732440263033
0.0007330090738832951
0.0007499766070395708
0.0007530034054070711
0.0007399939931929111
0.0007899943739175797
0.0006499758455902338
0.000680010998621583
0.0007770140655338764
0.0007069902494549751
0.0006729969754815102
0.0007069902494549751
0.0006759946700185537
0.0006900227162986994
0.0007659837137907743
0.0006699992809444666
0.0006799818947911263
0.0006640038918703794
0.0006899936124682426
0.000680010998621583
0.0007539929356426001
0.0007570197340101004
0.0007729977369308472
0.0006959890015423298
0.0007929920684546232
0.0007500057108700275
0.0008369970601052046
0.0007600174285471439
0.0007539929356426001
0.0009599898476153612
0.000814005034044385
0.000733998604118824
0.0008739880286157131
0.0007399939931929111
0.0007600174285471439
0.0008200004231184721
0.0007599883247166872
0.0007329799700528383
0.0007269845809787512
0.0007500057108700275
0.0007870257832109928
0.0007459893822669983
0.0008039933163672686
0.0007299822755157948
0.0008469796739518642
0.0007069902494549751
0.0007500057108700275
0.0007399939931929111
0.000700005330145359
0.0007399939931929111
0.0006959890015423298
0.0007039925549179316
0.0007530034054070711
0.0007199996616691351
0.0006869959179311991
0.0006970076356083155
0.0007299822755157948
0.0007700000423938036
0.0007300113793462515
0.0007169728633016348
0.0007060007192194462
0.0007369962986558676
0.0007569906301796436
0.00076700234785676
0.0007899943739175797
0.0007560010999441147
0.0004820176400244236
0.00044199987314641476
0.0004150206223130226
0.0003979948814958334
0.0004100147634744644
0.0004709872882813215
0.00043999170884490013
0.0004340254236012697
0.0004600151441991329
0.0004320172592997551
0.0004379835445433855
0.0004619942046701908
0.0004239846020936966
0.0003949971869587898
0.0004030007403343916
0.0004289904609322548
0.00042101601138710976
0.0004530011210590601
0.00041400198824703693
0.0004189787432551384
0.0004030007403343916
0.00044002081267535686
0.00041298335418105125
0.00043498585000634193
0.0004050089046359062
0.0004720059223473072
0.0004309986252337694
0.00042698229663074017
0.00044002081267535686
0.000467000063508749
0.00043999170884490013
0.00043102772906422615
0.0004320172592997551
0.0004250032361596823
0.0004040193744003773
0.0004099856596440077
0.00040797749534249306
0.0004149915184825659
0.00040201121009886265
0.0004169996827840805
0.0003979948814958334
0.00046100467443466187
0.00040599843487143517
0.0004440080374479294
0.0004459870979189873
0.00040899612940847874
0.00040399027056992054
0.00043000909499824047
0.0004750036168843508
0.0004250032361596823
0.0003979948814958334
0.0004649918992072344
0.00041100429370999336
0.0004360044840723276
0.00040599843487143517
0.0006259942892938852
0.0004169996827840805
0.0004019821062684059
0.0004259927663952112
0.0004500034265220165
0.00043498585000634193
0.00043198815546929836
0.000433996319770813
0.00045899651013314724
0.00044199987314641476
0.00043999170884490013
0.0004519824869930744
0.00040599843487143517
0.00043300678953528404
0.00041298335418105125
0.0004080065991729498
0.000433996319770813
0.0004040193744003773
0.000433996319770813
0.0004270114004611969
0.0004199973773211241
0.00040201121009886265
0.00040399027056992054
0.00041400198824703693
0.000400003045797348
0.0004149915184825659
0.0004169996827840805
0.0004099856596440077
0.0004290195647627115
0.000433996319770813
0.0003940076567232609
0.00044002081267535686
0.000420986907556653
0.0004250032361596823
0.0004329776857048273
0.0004499743226915598
0.0004080065991729498
0.00041100429370999336
0.00044002081267535686
0.0004250032361596823
0.00043300678953528404
0.0004490138962864876
0.0004360044840723276
0.000413012458011508
0.00040599843487143517
0.00041400198824703693
0.00044199987314641476
0.00042197643779218197
0.0004100147634744644
0.000413012458011508
0.00042101601138710976
0.00042101601138710976
0.0004250032361596823
0.0004139728844165802
0.00043699401430785656
0.00041900784708559513
0.00042800093069672585
0.00042299507185816765
0.00043999170884490013
0.00041097518987953663
0.0004119938239455223
0.00042299507185816765
0.00042101601138710976
0.00044397893361747265
0.00042997999116778374
0.0004169996827840805
0.0003940076567232609
0.00043000909499824047
0.00043801264837384224
0.0004289904609322548
0.00043300678953528404
0.00040201121009886265
0.0004080065991729498
0.0004309986252337694
0.00040599843487143517
0.0004019821062684059
0.00041900784708559513
0.000400003045797348
0.00044199987314641476
0.0003940076567232609
0.0004199973773211241
0.00043300678953528404
0.0004259927663952112
0.0004150206223130226
0.0004189787432551384
0.00044002081267535686
0.000400003045797348
0.00041202292777597904
0.0004250032361596823
0.0004379835445433855
0.00039397855289280415
0.0004259927663952112
0.00040599843487143517
0.0003960158210247755
0.0004309986252337694
0.00041900784708559513
0.00045099295675754547
0.00040201121009886265
0.0004290195647627115
0.0004309986252337694
0.00043999170884490013
0.00043102772906422615
0.0004239846020936966
0.00045599881559610367
0.000400003045797348
0.0004019821062684059
0.0004119938239455223
0.000433996319770813
0.0004080065991729498
0.000420986907556653
0.00039802398532629013
0.0004150206223130226
0.0003979948814958334
0.0004530011210590601
0.00044499756768345833
0.00040399027056992054
0.000480009475722909
0.00043498585000634193
0.0004189787432551384
0.00039598671719431877
0.00041400198824703693
0.0004169996827840805
0.0004119938239455223
0.000413012458011508
0.0004479952622205019
0.0004270114004611969
0.00044199987314641476
0.00040399027056992054
0.00041900784708559513
0.000413012458011508
0.00044199987314641476
0.0004239846020936966
0.0003940076567232609
0.0004199973773211241
0.0004230241756886244
0.00041298335418105125
0.00039598671719431877
0.00040599843487143517
0.00044002081267535686
0.00042698229663074017
0.000413012458011508
0.0004189787432551384
0.0004030007403343916
0.000420986907556653
0.00042101601138710976
0.00047299545258283615
0.00042997999116778374
0.00043198815546929836
0.0004069879651069641
0.00041100429370999336
0.0004360044840723276
0.0003979948814958334
0.00043699401430785656
0.00042698229663074017
0.00040599843487143517
0.00040201121009886265
0.00042101601138710976
0.00041202292777597904
0.00046100467443466187
0.00041900784708559513
0.00041097518987953663
0.00040599843487143517
0.000433996319770813
0.0004309986252337694
0.00042800093069672585
0.00043501495383679867
0.0004270114004611969
0.00043999170884490013
0.00045899651013314724
0.00044002081267535686
0.00043198815546929836
0.00043999170884490013
0.00042602187022566795
0.0004040193744003773
0.00041900784708559513
0.0004289904609322548
0.00042800093069672585
0.000413012458011508
0.0004239846020936966
0.0004459870979189873
0.00042299507185816765
0.0004169996827840805
0.0004019821062684059
0.00041100429370999336
0.0004230241756886244
0.0004250032361596823
0.0004379835445433855
0.0004550092853605747
0.0004270114004611969
0.0004309986252337694
0.0004289904609322548
0.00043300678953528404
0.0004019821062684059
0.0004720059223473072
0.0004019821062684059
0.00043999170884490013
0.00042101601138710976
0.0004259927663952112
0.00041601015254855156
0.00043801264837384224
0.0004340254236012697
0.0004250032361596823
0.00043000909499824047
0.00042997999116778374
0.0005049805622547865
0.00042299507185816765
0.0004239846020936966
0.0004569883458316326
0.000400003045797348
0.00040797749534249306
0.00040399027056992054
0.00042299507185816765
0.00042602187022566795
0.000400003045797348
0.00046900822781026363
0.000400003045797348
0.00043198815546929836
0.0004720059223473072
0.00039598671719431877
0.0004119938239455223
0.000413012458011508
0.00041798921301960945
0.0004149915184825659
0.0004180183168500662
0.0004150206223130226
0.00041100429370999336
0.0004650210030376911
0.00043300678953528404
0.0004289904609322548
0.00040701706893742085
0.000420986907556653
0.000400003045797348
0.0003940076567232609
0.00039199949242174625
0.0003979948814958334
0.00040899612940847874
0.00040599843487143517
0.0004099856596440077
0.00048198853619396687
0.0004080065991729498
0.0003979948814958334
0.0004149915184825659
0.00045399065129458904
0.0005159818101674318
0.00040599843487143517
0.0004030007403343916
0.0004040193744003773
0.0004230241756886244
0.0004329776857048273
0.00039802398532629013
0.000420986907556653
0.00042101601138710976
0.00039002043195068836
0.00042800093069672585
0.0004119938239455223
0.0004100147634744644
0.00039199949242174625
0.00042997999116778374
0.00041900784708559513
0.000420986907556653
0.0004019821062684059
0.00040599843487143517
0.0004289904609322548
0.0004230241756886244
0.0003999739419668913
0.00040899612940847874
0.0004169996827840805
0.00040399027056992054
0.00043801264837384224
0.000400003045797348
0.000413012458011508
0.0004169996827840805
0.0003999739419668913
0.00040599843487143517
0.00044301850721240044
0.00040201121009886265
0.00040201121009886265
0.00040599843487143517
0.00041400198824703693
0.00041100429370999336
0.00041900784708559513
0.00041100429370999336
0.00044199987314641476
0.00042101601138710976
0.00041100429370999336
0.0004069879651069641
0.0004080065991729498
0.000420986907556653
0.00045701744966208935
0.00046900822781026363
0.000400003045797348
0.00041298335418105125
0.0005170004442334175
0.000413012458011508
0.0004189787432551384
0.0004169996827840805
0.00043000909499824047
0.00040201121009886265
0.00042299507185816765
0.0004069879651069641
0.0004080065991729498
0.0004080065991729498
0.00041900784708559513
0.0004080065991729498
0.00043501495383679867
0.00041900784708559513
0.00042101601138710976
0.00041298335418105125
0.0004030007403343916
0.0004220055416226387
0.00042101601138710976
0.00041400198824703693
0.00041900784708559513
0.0004259927663952112
0.0004250032361596823
0.00040399027056992054
0.00040399027056992054
0.00039802398532629013
0.00040201121009886265
0.0004030007403343916
0.00041601015254855156
0.0004050089046359062
0.00044002081267535686
0.0004290195647627115
0.00040899612940847874
0.0004099856596440077
0.00041900784708559513
0.00042299507185816765
0.0004839967004954815
0.00039802398532629013
0.0004949979484081268
0.00042800093069672585
0.00040399027056992054
0.000400003045797348
0.0004149915184825659
0.0004030007403343916
0.0004080065991729498
0.0004530011210590601
0.0004359753802418709
0.00040201121009886265
0.0004080065991729498
0.00040599843487143517
0.0004199973773211241
0.00042497413232922554
0.00041100429370999336
0.0003940076567232609
0.0004360044840723276
0.00042299507185816765
0.000413012458011508
0.00044700573198497295
0.0004469766281545162
0.00043000909499824047
0.000400003045797348
0.0004099856596440077
0.0004159810487180948
0.00041400198824703693
0.0004100147634744644
0.00039598671719431877
0.00042800093069672585
0.0003999739419668913
0.0003979948814958334
0.000446016201749444
0.0003940076567232609
0.0004019821062684059
0.0004289904609322548
0.00043999170884490013
0.0004220055416226387
0.0005619949661195278
0.00043300678953528404
0.0004080065991729498
0.0004149915184825659
0.000420986907556653
0.0004510220605880022
0.0004429894033819437
0.00042800093069672585
0.00040701706893742085
0.00045899651013314724
0.0004019821062684059
0.000413012458011508
0.0003940076567232609
0.00040797749534249306
0.0004230241756886244
0.0004320172592997551
0.00047497451305389404
0.00040599843487143517
0.0004809990059584379
0.00041097518987953663
0.000420986907556653
0.00043801264837384224
0.00043999170884490013
0.0004169996827840805
0.00045399065129458904
0.0004169996827840805
0.0004069879651069641
0.0004080065991729498
0.0004169996827840805
0.0004459870979189873
0.00043801264837384224
0.0004019821062684059
0.000413012458011508
0.0004019821062684059
0.00041900784708559513
0.00042997999116778374
0.0004839967004954815
0.0004069879651069641
0.00041900784708559513
0.0004899920895695686
0.0004689791239798069
0.0004169996827840805
0.00042800093069672585
0.00042299507185816765
0.00038801226764917374
0.00040899612940847874
0.00044199987314641476
0.00039598671719431877
0.0004189787432551384
0.00041900784708559513
0.00044199987314641476
0.0004189787432551384
0.0004250032361596823
0.00042299507185816765
0.0004250032361596823
0.00040797749534249306
0.0004379835445433855
0.00043801264837384224
0.0004019821062684059
0.000420986907556653
0.0004289904609322548
0.0004189787432551384
0.0004270114004611969
0.00039598671719431877
0.00041100429370999336
0.00042299507185816765
0.00041400198824703693
0.00040399027056992054
0.000400003045797348
0.0004360044840723276
0.0004259927663952112
0.0004309986252337694
0.00043300678953528404
0.0004230241756886244
0.00044199987314641476
0.000433996319770813
0.0004250032361596823
0.0004270114004611969
0.000433996319770813
0.00043000909499824047
0.0004379835445433855
0.0004080065991729498
0.0004519824869930744
0.00044397893361747265
0.00043000909499824047
0.000420986907556653
0.0004739849828183651
0.00042299507185816765
0.00042101601138710976
0.0004789908416569233
0.00040599843487143517
0.0004149915184825659
0.00040201121009886265
0.000446016201749444
0.0004309986252337694
0.0004169996827840805
0.00045797787606716156
0.0003979948814958334
0.00040599843487143517
0.0004250032361596823
0.0004270114004611969
0.0005289912223815918
0.00043198815546929836
0.00041900784708559513
0.0004019821062684059
0.00042299507185816765
0.0004149915184825659
0.0004149915184825659
0.0004490138962864876
0.0004100147634744644
0.0005519832484424114
0.0004250032361596823
0.00043000909499824047
0.00042299507185816765
0.000433996319770813
0.0004030007403343916
0.00042299507185816765
0.0004699977580457926
0.0004270114004611969
0.0004340254236012697
0.00041900784708559513
0.00044397893361747265
0.00045701744966208935
0.00045099295675754547
0.00041900784708559513
0.0004390021786093712
0.0004309986252337694
0.0004080065991729498
0.00045899651013314724
0.0004519824869930744
0.00043801264837384224
0.0004479952622205019
0.0004119938239455223
0.0004290195647627115
0.0004379835445433855
0.0004270114004611969
0.0004440080374479294
0.0004379835445433855
0.000420986907556653
0.00042602187022566795
0.0004069879651069641
0.00040399027056992054
0.0004259927663952112
0.0004200264811515808
0.00042800093069672585
0.0004360044840723276
0.00042800093069672585
0.0004290195647627115
0.000413012458011508
0.00042101601138710976
0.00041298335418105125
0.0004940084181725979
0.0004259927663952112
0.00041900784708559513
0.00041298335418105125
0.00045701744966208935
0.00043801264837384224
0.0004250032361596823
0.0004169996827840805
0.00044002081267535686
0.00042299507185816765
0.0004189787432551384
0.0004169996827840805
0.0004149915184825659
0.00045099295675754547
0.0004169996827840805
0.0003949971869587898
0.00039199949242174625
0.00043300678953528404
0.0004169996827840805
0.000400003045797348
0.0004019821062684059
0.000454980181530118
0.0004259927663952112
0.00041097518987953663
0.0003979948814958334
0.00041100429370999336
0.00041298335418105125
0.0004159810487180948
0.00041202292777597904
0.000413012458011508
0.0004149915184825659
0.00041400198824703693
0.000400003045797348
0.0004490138962864876
0.0004150206223130226
0.0004019821062684059
0.00042299507185816765
0.00041400198824703693
0.00044898479245603085
0.000446016201749444
0.0004469766281545162
0.000400003045797348
0.00041900784708559513
0.00045599881559610367
0.00042997999116778374
0.0004630128387361765
0.00043498585000634193
0.0004100147634744644
0.00042299507185816765
0.0003979948814958334
0.00044199987314641476
0.000446016201749444
0.00044199987314641476
0.0004459870979189873
0.00042401370592415333
0.00042497413232922554
0.000420986907556653
0.0004169996827840805
0.00040399027056992054
0.0004119938239455223
0.00043000909499824047
0.00040899612940847874
0.00042299507185816765
0.0004040193744003773
0.00041100429370999336
0.0004169996827840805
0.00040701706893742085
0.0004169996827840805
0.0004530011210590601
0.00042299507185816765
0.0004169996827840805
0.00042299507185816765
0.0004270114004611969
0.000433996319770813
0.00042299507185816765
0.000413012458011508
0.00039598671719431877
0.0004569883458316326
0.00042299507185816765
0.000400003045797348
0.0004080065991729498
0.00042299507185816765
0.00041400198824703693
0.00040201121009886265
0.0004099856596440077
0.00042698229663074017
0.0004630128387361765
0.00045899651013314724
0.00040399027056992054
0.0004150206223130226
0.0004250032361596823
0.0004149915184825659
0.00042101601138710976
0.00041900784708559513
0.00041702878661453724
0.0004149915184825659
0.0004630128387361765
0.0004220055416226387
0.000400003045797348
0.00042401370592415333
0.0004169996827840805
0.00042401370592415333
0.00041100429370999336
0.00040399027056992054
0.0003979948814958334
0.0004289904609322548
0.0004169996827840805
0.0004490138962864876
